Organisation,Location,Date,Detail,Rocket_Status,Mission_Status
SpaceX,"LC-39A, Kennedy Space Center, Florida, USA","Fri Aug 07, 2020 05:12 UTC",Falcon 9 Block 5 | Starlink V1 L9 & BlackSky,StatusActive,Success
CASC,"Site 9401 (SLS-2), Jiuquan Satellite Launch Center, China","Thu Aug 06, 2020 04:01 UTC",Long March 2D | Gaofen-9 04 & Q-SAT,StatusActive,Success
SpaceX,"Pad A, Boca Chica, Texas, USA","Tue Aug 04, 2020 23:57 UTC",Starship Prototype | 150 Meter Hop,StatusActive,Success
Roscosmos,"Site 200/39, Baikonur Cosmodrome, Kazakhstan","Thu Jul 30, 2020 21:25 UTC",Proton-M/Briz-M | Ekspress-80 & Ekspress-103,StatusActive,Success
ULA,"SLC-41, Cape Canaveral AFS, Florida, USA","Thu Jul 30, 2020 11:50 UTC",Atlas V 541 | Perseverance,StatusActive,Success
CASC,"LC-9, Taiyuan Satellite Launch Center, China","Sat Jul 25, 2020 03:13 UTC","Long March 4B | Ziyuan-3 03, Apocalypse-10 & NJU-HKU 1",StatusActive,Success
Roscosmos,"Site 31/6, Baikonur Cosmodrome, Kazakhstan","Thu Jul 23, 2020 14:26 UTC",Soyuz 2.1a | Progress MS-15,StatusActive,Success
CASC,"LC-101, Wenchang Satellite Launch Center, China","Thu Jul 23, 2020 04:41 UTC",Long March 5 | Tianwen-1,StatusActive,Success
SpaceX,"SLC-40, Cape Canaveral AFS, Florida, USA","Mon Jul 20, 2020 21:30 UTC",Falcon 9 Block 5 | ANASIS-II,StatusActive,Success
JAXA,"LA-Y1, Tanegashima Space Center, Japan","Sun Jul 19, 2020 21:58 UTC",H-IIA 202 | Hope Mars Mission,StatusActive,Success
Northrop,"LP-0B, Wallops Flight Facility, Virginia, USA","Wed Jul 15, 2020 13:46 UTC",Minotaur IV | NROL-129,StatusActive,Success
ExPace,"Site 95, Jiuquan Satellite Launch Center, China","Fri Jul 10, 2020 04:17 UTC","Kuaizhou 11 | Jilin-1 02E, CentiSpace-1 S2",StatusActive,Failure
CASC,"LC-3, Xichang Satellite Launch Center, China","Thu Jul 09, 2020 12:11 UTC",Long March 3B/E | Apstar-6D,StatusActive,Success
IAI,"Pad 1, Palmachim Airbase, Israel","Mon Jul 06, 2020 01:00 UTC",Shavit-2 | Ofek-16,StatusActive,Success
CASC,"Site 9401 (SLS-2), Jiuquan Satellite Launch Center, China","Sat Jul 04, 2020 23:44 UTC",Long March 2D | Shiyan-6 02,StatusActive,Success
Rocket Lab,"Rocket Lab LC-1A, M?hia Peninsula, New Zealand","Sat Jul 04, 2020 21:19 UTC",Electron/Curie | Pics Or It Didn??¦t Happen,StatusActive,Failure
CASC,"LC-9, Taiyuan Satellite Launch Center, China","Fri Jul 03, 2020 03:10 UTC",Long March 4B | Gaofen Duomo & BY-02,StatusActive,Success
SpaceX,"SLC-40, Cape Canaveral AFS, Florida, USA","Tue Jun 30, 2020 20:10 UTC",Falcon 9 Block 5 | GPS III SV03,StatusActive,Success
CASC,"LC-2, Xichang Satellite Launch Center, China","Tue Jun 23, 2020 01:43 UTC",Long March 3B/E | Beidou-3 G3,StatusActive,Success
CASC,"Site 9401 (SLS-2), Jiuquan Satellite Launch Center, China","Wed Jun 17, 2020 07:19 UTC","Long March 2D | Gaofen-9 03, Pixing III A & HEAD-5",StatusActive,Success
SpaceX,"SLC-40, Cape Canaveral AFS, Florida, USA","Sat Jun 13, 2020 09:21 UTC",Falcon 9 Block 5 | Starlink V1 L8 & SkySat 16 to 18,StatusActive,Success
Rocket Lab,"Rocket Lab LC-1A, M?hia Peninsula, New Zealand","Sat Jun 13, 2020 05:12 UTC",Electron/Curie | Don't stop me now!,StatusActive,Success
CASC,"LC-9, Taiyuan Satellite Launch Center, China","Wed Jun 10, 2020 18:31 UTC",Long March 2C | Haiyang-1D,StatusActive,Success
SpaceX,"SLC-40, Cape Canaveral AFS, Florida, USA","Thu Jun 04, 2020 01:25 UTC",Falcon 9 Block 5 | Starlink V1 L7,StatusActive,Success
CASC,"Site 9401 (SLS-2), Jiuquan Satellite Launch Center, China","Sun May 31, 2020 08:53 UTC",Long March 2D | Gaofen-9-02 & HEAD-4,StatusActive,Success
SpaceX,"LC-39A, Kennedy Space Center, Florida, USA","Sat May 30, 2020 19:22 UTC",Falcon 9 Block 5 | SpaceX Demo-2,StatusActive,Success
CASC,"Xichang Satellite Launch Center, China","Fri May 29, 2020 20:13 UTC",Long March 11 | XJS-G and XJS-H,StatusActive,Success
Virgin Orbit,"Cosmic Girl, Mojave Air and Space Port, California, USA","Mon May 25, 2020 19:50 UTC",LauncherOne | Demo Flight,StatusActive,Failure
VKS RF,"Site 43/4, Plesetsk Cosmodrome, Russia","Fri May 22, 2020 07:31 UTC",Soyuz 2.1b/Fregat-M | Cosmos 2546,StatusActive,Success
MHI,"LA-Y2, Tanegashima Space Center, Japan","Wed May 20, 2020 17:31 UTC",H-IIB | HTV-9,StatusRetired,Success
ULA,"SLC-41, Cape Canaveral AFS, Florida, USA","Sun May 17, 2020 13:14 UTC",Atlas V 501 | OTV-6 (USSF-7),StatusActive,Success
ExPace,"Site 95, Jiuquan Satellite Launch Center, China","Tue May 12, 2020 01:16 UTC",Kuaizhou 1A | Xingyun-2 01 (Wuhan) & 02,StatusActive,Success
CASC,"LC-101, Wenchang Satellite Launch Center, China","Tue May 05, 2020 10:00 UTC",Long March 5B | Test Flight (New Crew Capsule),StatusActive,Success
Roscosmos,"Site 31/6, Baikonur Cosmodrome, Kazakhstan","Sat Apr 25, 2020 01:51 UTC",Soyuz 2.1a | Progress MS-14,StatusActive,Success
SpaceX,"LC-39A, Kennedy Space Center, Florida, USA","Wed Apr 22, 2020 19:30 UTC",Falcon 9 Block 5 | Starlink V1 L6,StatusActive,Success
IRGC,"Launch Plateform, Shahrud Missile Test Site","Wed Apr 22, 2020 03:59 UTC",Qased | Noor 1,StatusActive,Success
CASC,"LC-2, Xichang Satellite Launch Center, China","Thu Apr 09, 2020 11:46 UTC",Long March 3B/E | Nusantara Dua,StatusActive,Failure
Roscosmos,"Site 31/6, Baikonur Cosmodrome, Kazakhstan","Thu Apr 09, 2020 08:05 UTC",Soyuz 2.1a | Soyuz MS-16,StatusActive,Success
ULA,"SLC-41, Cape Canaveral AFS, Florida, USA","Thu Mar 26, 2020 20:18 UTC",Atlas V 551 | AEHF 6,StatusActive,Success
CASC,"LC-3, Xichang Satellite Launch Center, China","Tue Mar 24, 2020 03:43 UTC",Long March 2C | Yaogan-30-06,StatusActive,Success
Arianespace,"Site 31/6, Baikonur Cosmodrome, Kazakhstan","Sat Mar 21, 2020 17:06 UTC",Soyuz 2.1b/Fregat | OneWeb #3,StatusActive,Success
SpaceX,"LC-39A, Kennedy Space Center, Florida, USA","Wed Mar 18, 2020 12:16 UTC",Falcon 9 Block 5 | Starlink V1 L5,StatusActive,Success
VKS RF,"Site 43/4, Plesetsk Cosmodrome, Russia","Mon Mar 16, 2020 18:28 UTC",Soyuz 2.1b/Fregat-M | Cosmos 2545,StatusActive,Success
CASC,"LC-201, Wenchang Satellite Launch Center, China","Mon Mar 16, 2020 13:34 UTC",Long March 7A | XJY-6,StatusActive,Failure
CASC,"LC-2, Xichang Satellite Launch Center, China","Mon Mar 09, 2020 11:55 UTC",Long March 3B/E | Beidou-3 G2,StatusActive,Success
SpaceX,"SLC-40, Cape Canaveral AFS, Florida, USA","Sat Mar 07, 2020 04:50 UTC",Falcon 9 Block 5 | CRS-20,StatusActive,Success
VKS RF,"Site 43/3, Plesetsk Cosmodrome, Russia","Thu Feb 20, 2020 08:24 UTC",Soyuz 2.1a/Fregat-M | Meridian-M n†­19L,StatusActive,Success
CASC,"LC-3, Xichang Satellite Launch Center, China","Wed Feb 19, 2020 21:07 UTC",Long March 2D | XJS-C to F,StatusActive,Success
Arianespace,"ELA-3, Guiana Space Centre, French Guiana, France","Tue Feb 18, 2020 22:18 UTC",Ariane 5 ECA | JCSAT-17 & GEO-KOMPSAT 2B,StatusActive,Success
SpaceX,"SLC-40, Cape Canaveral AFS, Florida, USA","Mon Feb 17, 2020 15:05 UTC",Falcon 9 Block 5 | Starlink V1 L4,StatusActive,Success
Northrop,"LP-0A, Wallops Flight Facility, Virginia, USA","Sat Feb 15, 2020 20:21 UTC",Antares 230+ | CRS NG-13,StatusActive,Success
ULA,"SLC-41, Cape Canaveral AFS, Florida, USA","Mon Feb 10, 2020 04:03 UTC",Atlas V 411 | Solar Orbiter,StatusActive,Success
ISA,"Imam Khomeini Spaceport, Semnan Space Center, Iran","Sun Feb 09, 2020 15:48 UTC",Simorgh | Zafar 1,StatusActive,Failure
MHI,"LA-Y1, Tanegashima Space Center, Japan","Sun Feb 09, 2020 01:34 UTC",H-IIA 202 | IGS-Optical 7,StatusActive,Success
Arianespace,"Site 31/6, Baikonur Cosmodrome, Kazakhstan","Thu Feb 06, 2020 21:42 UTC",Soyuz 2.1b/Fregat | OneWeb #2,StatusActive,Success
Rocket Lab,"Rocket Lab LC-1A, M?hia Peninsula, New Zealand","Fri Jan 31, 2020 02:56 UTC",Electron/Curie | Birds of a Feather / NROL-151,StatusActive,Success
SpaceX,"SLC-40, Cape Canaveral AFS, Florida, USA","Wed Jan 29, 2020 14:06 UTC",Falcon 9 Block 5 | Starlink V1 L3,StatusActive,Success
SpaceX,"LC-39A, Kennedy Space Center, Florida, USA","Sun Jan 19, 2020 15:30 UTC",Falcon 9 Block 5 | Crew Dragon Inflight Abort Test,StatusActive,Success
Arianespace,"ELA-3, Guiana Space Centre, French Guiana, France","Thu Jan 16, 2020 21:05 UTC",Ariane 5 ECA | Eutelsat Konnect BB4A & GSAT-30,StatusActive,Success
ExPace,"Site 95, Jiuquan Satellite Launch Center, China","Thu Jan 16, 2020 03:02 UTC",Kuaizhou 1A | Yinhe-1,StatusActive,Success
CASC,"LC-9, Taiyuan Satellite Launch Center, China","Wed Jan 15, 2020 02:53 UTC",Long March 2D | Jilin-1 Wideband 01 & ??uSat-7/8,StatusActive,Success
CASC,"LC-2, Xichang Satellite Launch Center, China","Tue Jan 07, 2020 15:20 UTC",Long March 3B/E | TJSW-5,StatusActive,Success
SpaceX,"SLC-40, Cape Canaveral AFS, Florida, USA","Tue Jan 07, 2020 02:19 UTC",Falcon 9 Block 5 | Starlink V1 L2,StatusActive,Success
CASC,"LC-101, Wenchang Satellite Launch Center, China","Fri Dec 27, 2019 12:45 UTC",Long March 5 | Shijian-20,StatusActive,Success
VKS RF,"Site 133/3, Plesetsk Cosmodrome, Russia","Thu Dec 26, 2019 23:11 UTC","Rokot/Briz KM | Gonets-M ???24, 25, 26 [block-15] & Blits-M1",StatusRetired,Success
Roscosmos,"Site 81/24, Baikonur Cosmodrome, Kazakhstan","Tue Dec 24, 2019 12:03 UTC",Proton-M/DM-3 | Elektro-L n†­3,StatusActive,Success
ULA,"SLC-41, Cape Canaveral AFS, Florida, USA","Fri Dec 20, 2019 11:36 UTC",Atlas V N22 | Starliner OFT,StatusActive,Success
CASC,"LC-9, Taiyuan Satellite Launch Center, China","Fri Dec 20, 2019 03:22 UTC","Long March 4B | CBERS-4A, ETRSS-1 & Others",StatusActive,Success
Arianespace,"ELS, Guiana Space Centre, French Guiana, France","Wed Dec 18, 2019 08:54 UTC","Soyuz ST-A/Fregat-M | CSG-1, CHEOPS & Others",StatusActive,Success
SpaceX,"SLC-40, Cape Canaveral AFS, Florida, USA","Tue Dec 17, 2019 00:10 UTC",Falcon 9 Block 5 | JCSAT-18 / Kacific-1,StatusActive,Success
CASC,"LC-3, Xichang Satellite Launch Center, China","Mon Dec 16, 2019 07:22 UTC",Long March 3B/YZ-1 | BeiDou-3 M19 & M20,StatusActive,Success
Blue Origin,"Blue Origin Launch Site, West Texas, Texas, USA","Wed Dec 11, 2019 17:55 UTC",New Shepard | NS-12,StatusActive,Success
ISRO,"First Launch Pad, Satish Dhawan Space Centre, India","Wed Dec 11, 2019 09:55 UTC",PSLV-QL | RISAT 2BR1,StatusActive,Success
VKS RF,"Site 43/3, Plesetsk Cosmodrome, Russia","Wed Dec 11, 2019 08:54 UTC",Soyuz 2.1b/Fregat | Cosmos 2544,StatusActive,Success
ExPace,"Site 9401 (SLS-2), Jiuquan Satellite Launch Center, China","Sat Dec 07, 2019 08:52 UTC",Kuaizhou 1A | HEAD-2A/B / SpaceTY 16/17 / Tianqi 4A/B,StatusActive,Success
ExPace,"Taiyuan Satellite Launch Center, China","Sat Dec 07, 2019 02:55 UTC",Kuaizhou 1A | Jilin-1 Gaofen-02B,StatusActive,Success
Roscosmos,"Site 31/6, Baikonur Cosmodrome, Kazakhstan","Fri Dec 06, 2019 09:34 UTC",Soyuz 2.1a | Progress MS-13 (74P),StatusActive,Success
Rocket Lab,"Rocket Lab LC-1A, M?hia Peninsula, New Zealand","Fri Dec 06, 2019 08:18 UTC",Electron/Curie | Running Out Of Fingers,StatusActive,Success
SpaceX,"SLC-40, Cape Canaveral AFS, Florida, USA","Thu Dec 05, 2019 17:29 UTC",Falcon 9 Block 5 | CRS-19,StatusActive,Success
CASC,"LC-9, Taiyuan Satellite Launch Center, China","Wed Nov 27, 2019 23:52 UTC",Long March 4C | Gaofen-12,StatusActive,Success
ISRO,"Second Launch Pad, Satish Dhawan Space Centre, India","Wed Nov 27, 2019 03:58 UTC",PSLV-XL | Cartosat-3 & Rideshares,StatusActive,Success
Arianespace,"ELA-3, Guiana Space Centre, French Guiana, France","Tue Nov 26, 2019 21:23 UTC",Ariane 5 ECA | Inmarsat 5 F5 & TIBA-1,StatusActive,Success
VKS RF,"Site 43/4, Plesetsk Cosmodrome, Russia","Mon Nov 25, 2019 17:52 UTC",Soyuz 2.1v/Volga | Cosmos 2542 & 2543,StatusActive,Success
CASC,"LC-3, Xichang Satellite Launch Center, China","Sat Nov 23, 2019 00:55 UTC",Long March 3B/YZ-1 | BeiDou-3 M21 & M22,StatusActive,Success
ExPace,"Site 95, Jiuquan Satellite Launch Center, China","Sun Nov 17, 2019 10:00 UTC","Kuaizhou 1A | KL-Alpha A, KL-Alpha B",StatusActive,Success
CASC,"LC-16, Taiyuan Satellite Launch Center, China","Wed Nov 13, 2019 06:35 UTC",Long March 6 | Ningxia-1 (x5),StatusActive,Success
ExPace,"Site 95, Jiuquan Satellite Launch Center, China","Wed Nov 13, 2019 03:40 UTC",Kuaizhou 1A | Jilin 1-02A,StatusActive,Success
SpaceX,"SLC-40, Cape Canaveral AFS, Florida, USA","Mon Nov 11, 2019 14:56 UTC",Falcon 9 Block 5 | Starlink V1 L1,StatusActive,Success
CASC,"LC-2, Xichang Satellite Launch Center, China","Mon Nov 04, 2019 17:43 UTC",Long March 3B/E | Beidou-3 IGSO-3,StatusActive,Success
CASC,"LC-9, Taiyuan Satellite Launch Center, China","Sun Nov 03, 2019 03:22 UTC",Long March 4B | Gaofen-7,StatusActive,Success
Northrop,"LP-0A, Wallops Flight Facility, Virginia, USA","Sat Nov 02, 2019 13:59 UTC",Antares 230+ | CRS NG-12,StatusActive,Success
Exos,"Vertical Launch Area, Spaceport America, New Mexico","Sat Oct 26, 2019 17:40 UTC",SARGE | Launch 4,StatusActive,Failure
CASC,"LC-3, Xichang Satellite Launch Center, China","Thu Oct 17, 2019 15:21 UTC",Long March 3B/E | TJSW-4,StatusActive,Success
Rocket Lab,"Rocket Lab LC-1A, M?hia Peninsula, New Zealand","Thu Oct 17, 2019 01:22 UTC",Electron/Curie | As The Crow Flies,StatusActive,Success
Northrop,"Stargazer, Cape Canaveral AFS, Florida, USA","Fri Oct 11, 2019 01:59 UTC",Pegasus XL | ICON,StatusActive,Success
ILS,"Site 200/39, Baikonur Cosmodrome, Kazakhstan","Wed Oct 09, 2019 10:17 UTC",Proton-M/Briz-M | Eutelsat 5 West B & MEV-1,StatusActive,Success
CASC,"LC-9, Taiyuan Satellite Launch Center, China","Fri Oct 04, 2019 18:51 UTC",Long March 4C | Gaofen 10 (Replacement),StatusActive,Success
VKS RF,"Site 43/4, Plesetsk Cosmodrome, Russia","Thu Sep 26, 2019 07:46 UTC",Soyuz 2.1b/Fregat | Cosmos 2541,StatusActive,Success
Roscosmos,"Site 1/5, Baikonur Cosmodrome, Kazakhstan","Wed Sep 25, 2019 13:57 UTC",Soyuz FG | Soyuz MS-15 (61S),StatusRetired,Success
CASC,"Site 9401 (SLS-2), Jiuquan Satellite Launch Center, China","Wed Sep 25, 2019 00:54 UTC",Long March 2D | Yunhai-1-02,StatusActive,Success
MHI,"LA-Y2, Tanegashima Space Center, Japan","Tue Sep 24, 2019 16:05 UTC",H-IIB | HTV-8,StatusRetired,Success
CASC,"LC-2, Xichang Satellite Launch Center, China","Sun Sep 22, 2019 21:10 UTC",Long March 3B/YZ-1 | BeiDou-3 M23 & M24,StatusActive,Success
CASC,"Site 95, Jiuquan Satellite Launch Center, China","Thu Sep 19, 2019 06:42 UTC",Long March 11 | Zhuhai-1 Group 03,StatusActive,Success
CASC,"LC-9, Taiyuan Satellite Launch Center, China","Thu Sep 12, 2019 03:26 UTC","Long March 4B | Ziyuan-2D, BNU-1 & Taurus-1",StatusActive,Success
ExPace,"Site 95, Jiuquan Satellite Launch Center, China","Fri Aug 30, 2019 23:41 UTC",Kuaizhou 1A | KX-09 & Others,StatusActive,Success
VKS RF,"Site 133/3, Plesetsk Cosmodrome, Russia","Fri Aug 30, 2019 14:00 UTC",Rokot/Briz KM | Cosmos 2540,StatusRetired,Success
ISA,"Imam Khomeini Spaceport, Semnan Space Center, Iran","Thu Aug 29, 2019",Safir-1B+ | Nahid-1,StatusActive,Prelaunch Failure
ULA,"SLC-37B, Cape Canaveral AFS, Florida, USA","Thu Aug 22, 2019 13:06 UTC","Delta IV Medium+ (4,2) | GPS III SV02",StatusRetired,Success
Roscosmos,"Site 31/6, Baikonur Cosmodrome, Kazakhstan","Thu Aug 22, 2019 03:38 UTC",Soyuz 2.1a | Soyuz MS-14 (60S),StatusActive,Success
Rocket Lab,"Rocket Lab LC-1A, M?hia Peninsula, New Zealand","Mon Aug 19, 2019 12:12 UTC","Electron/Curie | Look Ma, No Hands!",StatusActive,Success
CASC,"LC-2, Xichang Satellite Launch Center, China","Mon Aug 19, 2019 12:03 UTC",Long March 3B/E | ChinaSat 18,StatusActive,Success
CASC,"Site 95, Jiuquan Satellite Launch Center, China","Sat Aug 17, 2019 04:11 UTC",Jielong-1 | Tianqi-4 & Others,StatusActive,Success
ULA,"SLC-41, Cape Canaveral AFS, Florida, USA","Thu Aug 08, 2019 10:13 UTC",Atlas V 551 | AEHF 5,StatusActive,Success
SpaceX,"SLC-40, Cape Canaveral AFS, Florida, USA","Tue Aug 06, 2019 23:23 UTC",Falcon 9 Block 5 | AMOS-17,StatusActive,Success
Arianespace,"ELA-3, Guiana Space Centre, French Guiana, France","Tue Aug 06, 2019 19:30 UTC",Ariane 5 ECA | EDRS-C/HYLAS 3 & Intelsat 39,StatusActive,Success
Roscosmos,"Site 81/24, Baikonur Cosmodrome, Kazakhstan","Mon Aug 05, 2019 21:56 UTC",Proton-M/Briz-M | Cosmos 2539,StatusActive,Success
Roscosmos,"Site 31/6, Baikonur Cosmodrome, Kazakhstan","Wed Jul 31, 2019 12:10 UTC",Soyuz 2.1a | Progress MS-12,StatusActive,Success
VKS RF,"Site 43/4, Plesetsk Cosmodrome, Russia","Tue Jul 30, 2019 05:56 UTC",Soyuz 2.1a/Fregat-M | Meridian-M n†­18L,StatusActive,Success
CASC,"LC-3, Xichang Satellite Launch Center, China","Fri Jul 26, 2019 03:57 UTC",Long March 2C | Yaogan-30-05,StatusActive,Success
SpaceX,"SLC-40, Cape Canaveral AFS, Florida, USA","Thu Jul 25, 2019 22:01 UTC",Falcon 9 Block 5 | CRS-18,StatusActive,Success
i-Space,"Site 95, Jiuquan Satellite Launch Center, China","Thu Jul 25, 2019 05:00 UTC",Hyperbola-1 | CAS-7B & Others,StatusActive,Success
ISRO,"Second Launch Pad, Satish Dhawan Space Centre, India","Mon Jul 22, 2019 09:13 UTC",GSLV Mk III | Chandrayaan-2 lunar mission,StatusActive,Success
Roscosmos,"Site 1/5, Baikonur Cosmodrome, Kazakhstan","Sat Jul 20, 2019 16:28 UTC",Soyuz FG | Soyuz MS-13 (59S),StatusRetired,Success
Roscosmos,"Site 81/24, Baikonur Cosmodrome, Kazakhstan","Sat Jul 13, 2019 12:31 UTC",Proton-M/DM-3 | Spektr-RG,StatusActive,Success
Arianespace,"ELV-1 (SLV), Guiana Space Centre, French Guiana, France","Thu Jul 11, 2019 01:53 UTC",Vega | Falcon Eye 1,StatusActive,Failure
VKS RF,"Site 43/4, Plesetsk Cosmodrome, Russia","Wed Jul 10, 2019 17:14 UTC",Soyuz 2.1v/Volga | Cosmos 2535 to 2538,StatusActive,Success
Roscosmos,"Site 1S, Vostochny Cosmodrome, Russia","Fri Jul 05, 2019 05:41 UTC","Soyuz 2.1b/Fregat-M | Meteor-M No.2-2, Landmapper-BC 5 & 6, and Others",StatusActive,Success
Exos,"Vertical Launch Area, Spaceport America, New Mexico","Sat Jun 29, 2019 18:00 UTC",SARGE | Launch 3,StatusActive,Partial Failure
Rocket Lab,"Rocket Lab LC-1A, M?hia Peninsula, New Zealand","Sat Jun 29, 2019 04:30 UTC",Electron/Curie | Make it Rain,StatusActive,Success
SpaceX,"LC-39A, Kennedy Space Center, Florida, USA","Tue Jun 25, 2019 06:30 UTC",Falcon Heavy | STP-2,StatusActive,Success
CASC,"LC-3, Xichang Satellite Launch Center, China","Mon Jun 24, 2019 18:09 UTC",Long March 3B/E | Beidou-3 IGSO-2,StatusActive,Success
Arianespace,"ELA-3, Guiana Space Centre, French Guiana, France","Thu Jun 20, 2019 21:43 UTC",Ariane 5 ECA | Eutelsat 7C &  AT&T T-16,StatusActive,Success
SpaceX,"SLC-4E, Vandenberg AFB, California, USA","Wed Jun 12, 2019 14:17 UTC",Falcon 9 Block 5 | RADARSAT Constellation,StatusActive,Success
CASC,"Tai Rui Barge, Yellow Sea","Wed Jun 05, 2019 04:06 UTC",Long March 11H | Jilin-1 & Others,StatusActive,Success
Roscosmos,"Site 200/39, Baikonur Cosmodrome, Kazakhstan","Thu May 30, 2019 17:42 UTC",Proton-M/Briz-M | Yamal-601,StatusActive,Success
Roscosmos,"Site 43/4, Plesetsk Cosmodrome, Russia","Mon May 27, 2019 06:23 UTC",Soyuz 2.1b/Fregat-M | Cosmos 2534,StatusActive,Success
SpaceX,"SLC-40, Cape Canaveral AFS, Florida, USA","Fri May 24, 2019 02:30 UTC",Falcon 9 Block 5 | Starlink V0.9,StatusActive,Success
CASC,"LC-9, Taiyuan Satellite Launch Center, China","Wed May 22, 2019 22:55 UTC",Long March 4C | Yaogan Weixing-33,StatusActive,Failure
ISRO,"First Launch Pad, Satish Dhawan Space Centre, India","Wed May 22, 2019 00:00 UTC",PSLV-CA | RISAT-2B,StatusActive,Success
CASC,"LC-2, Xichang Satellite Launch Center, China","Fri May 17, 2019 15:48 UTC",Long March 3C/E | Beidou-2 G8,StatusActive,Success
Rocket Lab,"Rocket Lab LC-1A, M?hia Peninsula, New Zealand","Sun May 05, 2019 06:00 UTC",Electron/Curie | That's a Funny Looking Cactus,StatusActive,Success
SpaceX,"SLC-40, Cape Canaveral AFS, Florida, USA","Sat May 04, 2019 06:48 UTC",Falcon 9 Block 5 | CRS-17,StatusActive,Success
Blue Origin,"Blue Origin Launch Site, West Texas, Texas, USA","Thu May 02, 2019 13:35 UTC",New Shepard | NS-11,StatusActive,Success
CASC,"Taiyuan Satellite Launch Center, China","Mon Apr 29, 2019 22:52 UTC",Long March 4B | Tianhui-2 Group 01,StatusActive,Success
CASC,"LC-3, Xichang Satellite Launch Center, China","Sat Apr 20, 2019 14:30 UTC",Long March 3B/E | Beidou-3 IGSO-1,StatusActive,Success
Northrop,"LP-0A, Wallops Flight Facility, Virginia, USA","Wed Apr 17, 2019 20:46 UTC",Antares 230 | CRS NG-11,StatusRetired,Success
SpaceX,"LC-39A, Kennedy Space Center, Florida, USA","Thu Apr 11, 2019 22:35 UTC",Falcon Heavy | ArabSat 6A,StatusActive,Success
Arianespace,"ELS, Guiana Space Centre, French Guiana, France","Thu Apr 04, 2019 17:04 UTC",Soyuz ST-B/Fregat-MT | O3b FM17-FM20,StatusActive,Success
Roscosmos,"Site 31/6, Baikonur Cosmodrome, Kazakhstan","Thu Apr 04, 2019 11:01 UTC",Soyuz 2.1a | Progress MS-11 (72P),StatusActive,Success
ISRO,"Second Launch Pad, Satish Dhawan Space Centre, India","Mon Apr 01, 2019 03:57 UTC",PSLV-QL | EMISAT & Rideshares,StatusActive,Success
CASC,"LC-2, Xichang Satellite Launch Center, China","Sun Mar 31, 2019 15:51 UTC",Long March 3B/E | Tianlian-2,StatusActive,Success
Rocket Lab,"Rocket Lab LC-1A, M?hia Peninsula, New Zealand","Thu Mar 28, 2019 23:27 UTC",Electron/Curie | Two Thumbs Up,StatusActive,Success
OneSpace,"Site 95, Jiuquan Satellite Launch Center, China","Wed Mar 27, 2019 09:39 UTC",OS-M1 | Lingque-1B,StatusActive,Failure
Arianespace,"ELV-1 (SLV), Guiana Space Centre, French Guiana, France","Fri Mar 22, 2019 01:50 UTC",Vega | PRISMA,StatusActive,Success
ULA,"SLC-37B, Cape Canaveral AFS, Florida, USA","Sat Mar 16, 2019 00:26 UTC","Delta IV Medium+ (5,4) | WGS-10",StatusRetired,Success
Roscosmos,"Site 1/5, Baikonur Cosmodrome, Kazakhstan","Thu Mar 14, 2019 19:14 UTC",Soyuz FG | Soyuz MS-12 (58S),StatusRetired,Success
CASC,"LC-3, Xichang Satellite Launch Center, China","Sat Mar 09, 2019 16:28 UTC",Long March 3B/E | Zhongxing-6C,StatusActive,Success
Exos,"Vertical Launch Area, Spaceport America, New Mexico","Sat Mar 02, 2019 17:45 UTC",SARGE | Launch 2,StatusActive,Partial Failure
SpaceX,"LC-39A, Kennedy Space Center, Florida, USA","Sat Mar 02, 2019 07:49 UTC",Falcon 9 Block 5 | SpaceX Demo-1,StatusActive,Success
Arianespace,"ELS, Guiana Space Centre, French Guiana, France","Wed Feb 27, 2019 21:37 UTC",Soyuz ST-B/Fregat-M | OneWeb #1,StatusActive,Success
SpaceX,"SLC-40, Cape Canaveral AFS, Florida, USA","Fri Feb 22, 2019 01:45 UTC",Falcon 9 Block 5 | Nusantara Satu & Beresheet,StatusActive,Success
VKS RF,"Site 31/6, Baikonur Cosmodrome, Kazakhstan","Thu Feb 21, 2019 16:47 UTC",Soyuz 2.1b/Fregat-M | EgyptSat-A,StatusActive,Success
Arianespace,"ELA-3, Guiana Space Centre, French Guiana, France","Tue Feb 05, 2019 21:01 UTC",Ariane 5 ECA | GSAT-31 & Hellas-Sat-4,StatusActive,Success
ISA,"Imam Khomeini Spaceport, Semnan Space Center, Iran","Tue Feb 05, 2019",Safir-1B+ | Dousti,StatusActive,Failure
ISRO,"First Launch Pad, Satish Dhawan Space Centre, India","Thu Jan 24, 2019 18:07 UTC",PSLV-DL | Microsat-R,StatusActive,Success
Blue Origin,"Blue Origin Launch Site, West Texas, Texas, USA","Wed Jan 23, 2019 15:05 UTC",New Shepard | NS-10,StatusActive,Success
CASC,"Site 95, Jiuquan Satellite Launch Center, China","Mon Jan 21, 2019 05:42 UTC",Long March 11 | Jilin-1 Hyperspectral & Others,StatusActive,Success
ULA,"SLC-6, Vandenberg AFB, California, USA","Sat Jan 19, 2019 19:10 UTC",Delta IV Heavy | NROL-71,StatusActive,Success
JAXA,"Mu Pad, Uchinoura Space Center, Japan","Fri Jan 18, 2019 00:50 UTC",Epsilon PBS | Innovative Satellite Technology Demonstration-1,StatusActive,Success
ISA,"Imam Khomeini Spaceport, Semnan Space Center, Iran","Tue Jan 15, 2019 00:30 UTC",Simorgh | Payam-e Amirkabir,StatusActive,Failure
SpaceX,"SLC-4E, Vandenberg AFB, California, USA","Fri Jan 11, 2019 15:31 UTC",Falcon 9 Block 5 | Iridium-8,StatusActive,Success
CASC,"LC-2, Xichang Satellite Launch Center, China","Thu Jan 10, 2019 17:11 UTC",Long March 3B/E | Zhongxing-2D (Chinasat-2D),StatusActive,Success
CASC,"Site 9401 (SLS-2), Jiuquan Satellite Launch Center, China","Sat Dec 29, 2018 08:02 UTC",Long March 2D/YZ-3 | Hongyan-1,StatusActive,Success
Roscosmos,"Site 1S, Vostochny Cosmodrome, Russia","Thu Dec 27, 2018 02:07 UTC",Soyuz 2.1a/Fregat | Kanopus-V No. 5-6 & Rideshares,StatusActive,Success
CASC,"LC-3, Xichang Satellite Launch Center, China","Mon Dec 24, 2018 16:53 UTC",Long March 3C/E | TJS-3,StatusActive,Success
SpaceX,"SLC-40, Cape Canaveral AFS, Florida, USA","Sun Dec 23, 2018 13:51 UTC",Falcon 9 Block 5 | GPS III SV01,StatusActive,Success
CASC,"Site 95, Jiuquan Satellite Launch Center, China","Fri Dec 21, 2018 23:51 UTC",Long March 11 | Hongyun-1,StatusActive,Success
VKS RF,"Site 200/39, Baikonur Cosmodrome, Kazakhstan","Fri Dec 21, 2018 00:20 UTC",Proton-M/Briz-M | Blagovest No.13L,StatusActive,Success
Arianespace,"ELS, Guiana Space Centre, French Guiana, France","Wed Dec 19, 2018 16:37 UTC",Soyuz ST-A/Fregat-M | CSO 1,StatusActive,Success
ISRO,"Second Launch Pad, Satish Dhawan Space Centre, India","Wed Dec 19, 2018 10:40 UTC",GSLV Mk II | GSAT-7A,StatusActive,Success
Rocket Lab,"Rocket Lab LC-1A, M?hia Peninsula, New Zealand","Sun Dec 16, 2018 06:33 UTC",Electron/Curie | This one's for Pickering,StatusActive,Success
CASC,"LC-2, Xichang Satellite Launch Center, China","Fri Dec 07, 2018 18:23 UTC",Long March 3B/E | Chang'e-4,StatusActive,Success
CASC,"Site 9401 (SLS-2), Jiuquan Satellite Launch Center, China","Fri Dec 07, 2018 04:12 UTC","Long March 2D | SaudiSAT 5A, & 5B and Others",StatusActive,Success
SpaceX,"SLC-40, Cape Canaveral AFS, Florida, USA","Wed Dec 05, 2018 18:16 UTC",Falcon 9 Block 5 | CRS-16,StatusActive,Success
Arianespace,"ELA-3, Guiana Space Centre, French Guiana, France","Tue Dec 04, 2018 20:37 UTC",Ariane 5 ECA | GSAT-11 & GEO-KOMPSAT 2A,StatusActive,Success
SpaceX,"SLC-4E, Vandenberg AFB, California, USA","Mon Dec 03, 2018 18:34 UTC",Falcon 9 Block 5 | Spaceflight SSO-A,StatusActive,Success
Roscosmos,"Site 1/5, Baikonur Cosmodrome, Kazakhstan","Mon Dec 03, 2018 11:31 UTC",Soyuz FG | Soyuz MS-11 (57S),StatusRetired,Success
VKS RF,"Site 133/3, Plesetsk Cosmodrome, Russia","Fri Nov 30, 2018 02:27 UTC",Rokot/Briz KM | Cosmos 2530 to 2532,StatusRetired,Success
ISRO,"First Launch Pad, Satish Dhawan Space Centre, India","Thu Nov 29, 2018 04:27 UTC",PSLV-CA | HySIS,StatusActive,Success
Arianespace,"ELV-1 (SLV), Guiana Space Centre, French Guiana, France","Wed Nov 21, 2018 01:42 UTC",Vega | Mohammed VI-B,StatusActive,Success
CASC,"Site 9401 (SLS-2), Jiuquan Satellite Launch Center, China","Mon Nov 19, 2018 23:40 UTC","Long March 2D | Shiyan-6, Jiading-1 (OKW-01), & Others",StatusActive,Success
CASC,"LC-3, Xichang Satellite Launch Center, China","Sun Nov 18, 2018 18:07 UTC",Long March 3B/YZ-1 | BeiDou-3 M17 & M18,StatusActive,Success
Northrop,"LP-0A, Wallops Flight Facility, Virginia, USA","Sat Nov 17, 2018 09:01 UTC",Antares 230 | CRS NG-10,StatusRetired,Success
Roscosmos,"Site 31/6, Baikonur Cosmodrome, Kazakhstan","Fri Nov 16, 2018 18:14 UTC",Soyuz FG | Progress MS-10 (71P),StatusRetired,Success
SpaceX,"LC-39A, Kennedy Space Center, Florida, USA","Thu Nov 15, 2018 20:46 UTC",Falcon 9 Block 5 | Es'hail 2,StatusActive,Success
ISRO,"Second Launch Pad, Satish Dhawan Space Centre, India","Wed Nov 14, 2018 11:38 UTC",GSLV Mk III | GSAT 29,StatusActive,Success
Rocket Lab,"Rocket Lab LC-1A, M?hia Peninsula, New Zealand","Sun Nov 11, 2018 03:50 UTC",Electron/Curie | It's Business Time,StatusActive,Success
Arianespace,"ELS, Guiana Space Centre, French Guiana, France","Wed Nov 07, 2018 00:47 UTC",Soyuz ST-B/Fregat-M | MetOp C,StatusActive,Success
VKS RF,"Site 43/4, Plesetsk Cosmodrome, Russia","Sat Nov 03, 2018 20:17 UTC",Soyuz 2.1b/Fregat | GLONASS-M No.54S,StatusActive,Success
CASC,"LC-2, Xichang Satellite Launch Center, China","Thu Nov 01, 2018 15:57 UTC",Long March 3B/E | Beidou-3 G1,StatusActive,Success
MHI,"LA-Y1, Tanegashima Space Center, Japan","Mon Oct 29, 2018 04:08 UTC","H-IIA 202 | Ibuki 2, KhalifaSat & Others",StatusActive,Success
CASC,"Site 9401 (SLS-2), Jiuquan Satellite Launch Center, China","Mon Oct 29, 2018 00:47 UTC","Long March 2C | CFOSAT, Zhaojin-1, Hongyan-1, & Others",StatusActive,Success
Landspace,"Site 95, Jiuquan Satellite Launch Center, China","Sat Oct 27, 2018 08:00 UTC",ZhuQue-1 | CCTV Future-1,StatusRetired,Failure
Roscosmos,"Site 43/4, Plesetsk Cosmodrome, Russia","Thu Oct 25, 2018 00:15 UTC",Soyuz 2.1b | Lotus-S No.4,StatusActive,Success
CASC,"LC-9, Taiyuan Satellite Launch Center, China","Wed Oct 24, 2018 22:57 UTC",Long March 4B | Haiyang-2B,StatusActive,Success
Arianespace,"ELA-3, Guiana Space Centre, French Guiana, France","Sat Oct 20, 2018 01:45 UTC",Ariane 5 ECA | BepiColombo,StatusActive,Success
ULA,"SLC-41, Cape Canaveral AFS, Florida, USA","Wed Oct 17, 2018 04:15 UTC",Atlas V 551 | AEHF-4,StatusActive,Success
CASC,"LC-3, Xichang Satellite Launch Center, China","Mon Oct 15, 2018 04:23 UTC",Long March 3B/YZ-1 | BeiDou-3 M15 & M16,StatusActive,Success
Roscosmos,"Site 1/5, Baikonur Cosmodrome, Kazakhstan","Thu Oct 11, 2018 08:40 UTC",Soyuz FG | Soyuz MS-10 (56S),StatusRetired,Failure
CASC,"Site 9401 (SLS-2), Jiuquan Satellite Launch Center, China","Tue Oct 09, 2018 02:43 UTC",Long March 2C | Yaogan-32 Group 01,StatusActive,Success
SpaceX,"SLC-4E, Vandenberg AFB, California, USA","Mon Oct 08, 2018 02:21 UTC",Falcon 9 Block 5 | SAOCOM 1A,StatusActive,Success
ExPace,"Site 95, Jiuquan Satellite Launch Center, China","Sat Sep 29, 2018 04:13 UTC",Kuaizhou 1A | CentiSpace-1 S1,StatusActive,Success
Arianespace,"ELA-3, Guiana Space Centre, French Guiana, France","Tue Sep 25, 2018 22:38 UTC",Ariane 5 ECA | Horizons-3e & Azerspace 2/Intelsat 38,StatusActive,Success
MHI,"LA-Y2, Tanegashima Space Center, Japan","Sat Sep 22, 2018 17:52 UTC",H-IIB | HTV-7,StatusRetired,Success
CASC,"LC-2, Xichang Satellite Launch Center, China","Wed Sep 19, 2018 14:07 UTC",Long March 3B/YZ-1 | BeiDou-3 M13 & M14,StatusActive,Success
ISRO,"First Launch Pad, Satish Dhawan Space Centre, India","Sun Sep 16, 2018 16:38 UTC",PSLV-CA | SSTL-1 & NovaSAR-S,StatusActive,Success
ULA,"SLC-2W, Vandenberg AFB, California, USA","Sat Sep 15, 2018 13:02 UTC",Delta II 7420-10C | ICESat-2,StatusRetired,Success
SpaceX,"SLC-40, Cape Canaveral AFS, Florida, USA","Mon Sep 10, 2018 04:45 UTC",Falcon 9 Block 5 | Telstar 18V / APStar 5C,StatusActive,Success
CASC,"Taiyuan Satellite Launch Center, China","Fri Sep 07, 2018 03:15 UTC",Long March 2C | Haiyang 1C (HY-1C),StatusActive,Success
Exos,"Vertical Launch Area, Spaceport America, New Mexico","Sat Aug 25, 2018 18:15 UTC",SARGE | Launch 1,StatusActive,Partial Failure
CASC,"LC-3, Xichang Satellite Launch Center, China","Fri Aug 24, 2018 23:52 UTC",Long March 3B/YZ-1 | BeiDou-3 M11 & M12,StatusActive,Success
Arianespace,"ELV-1 (SLV), Guiana Space Centre, French Guiana, France","Wed Aug 22, 2018 21:20 UTC",Vega | ADM-Aeolus,StatusActive,Success
ULA,"SLC-37B, Cape Canaveral AFS, Florida, USA","Sun Aug 12, 2018 07:31 UTC",Delta IV Heavy | Parker Solar Probe,StatusActive,Success
SpaceX,"SLC-40, Cape Canaveral AFS, Florida, USA","Tue Aug 07, 2018 05:18 UTC",Falcon 9 Block 5 | Merah Putih (Telkom-4),StatusActive,Success
CASC,"LC-9, Taiyuan Satellite Launch Center, China","Tue Jul 31, 2018 03:00 UTC",Long March 4B | Gaofen 11,StatusActive,Success
CASC,"LC-3, Xichang Satellite Launch Center, China","Sun Jul 29, 2018 01:48 UTC",Long March 3B/YZ-1 | BeiDou-3 M5 & M6,StatusActive,Success
SpaceX,"SLC-4E, Vandenberg AFB, California, USA","Wed Jul 25, 2018 11:39 UTC",Falcon 9 Block 5 | Iridium-7,StatusActive,Success
Arianespace,"ELA-3, Guiana Space Centre, French Guiana, France","Wed Jul 25, 2018 11:25 UTC",Ariane 5 ES | Galileo FOC FM19-FM22,StatusRetired,Success
SpaceX,"SLC-40, Cape Canaveral AFS, Florida, USA","Sun Jul 22, 2018 05:50 UTC",Falcon 9 Block 5 | Telstar 19V,StatusActive,Success
Blue Origin,"Blue Origin Launch Site, West Texas, Texas, USA","Wed Jul 18, 2018 15:11 UTC",New Shepard | NS-9 (Inflight Escape Test),StatusActive,Success
Roscosmos,"Site 31/6, Baikonur Cosmodrome, Kazakhstan","Mon Jul 09, 2018 21:51 UTC",Soyuz 2.1a | Progress MS-09 (70P),StatusActive,Success
CASC,"LC-2, Xichang Satellite Launch Center, China","Mon Jul 09, 2018 20:50 UTC",Long March 3A | BeiDou-2 I7,StatusActive,Success
CASC,"Site 9401 (SLS-2), Jiuquan Satellite Launch Center, China","Mon Jul 09, 2018 03:56 UTC",Long March 2C | PRSS-1 & PakTES-1A,StatusActive,Success
SpaceX,"SLC-40, Cape Canaveral AFS, Florida, USA","Fri Jun 29, 2018 09:42 UTC",Falcon 9 Block 4 | CRS-15,StatusRetired,Success
CASC,"LC-3, Xichang Satellite Launch Center, China","Wed Jun 27, 2018 03:30 UTC",Long March 2C | XJSS A & B,StatusActive,Success
VKS RF,"Site 43/4, Plesetsk Cosmodrome, Russia","Sat Jun 16, 2018 21:30 UTC",Soyuz 2.1b/Fregat-M | GLONASS-M No.53S,StatusActive,Success
MHI,"LA-Y1, Tanegashima Space Center, Japan","Tue Jun 12, 2018 04:20 UTC",H-IIA 202 | IGS Radar-6,StatusActive,Success
Roscosmos,"Site 1/5, Baikonur Cosmodrome, Kazakhstan","Wed Jun 06, 2018 11:12 UTC",Soyuz FG | Soyuz MS-09 (55S),StatusRetired,Success
CASC,"LC-2, Xichang Satellite Launch Center, China","Tue Jun 05, 2018 13:07 UTC",Long March 3A | Fengyun 2H,StatusActive,Success
SpaceX,"SLC-40, Cape Canaveral AFS, Florida, USA","Mon Jun 04, 2018 04:29 UTC",Falcon 9 Block 4 | SES-12,StatusRetired,Success
CASC,"Site 9401 (SLS-2), Jiuquan Satellite Launch Center, China","Sat Jun 02, 2018 04:13 UTC",Long March 2D | Gaofen 6 & Luojia 1,StatusActive,Success
SpaceX,"SLC-4E, Vandenberg AFB, California, USA","Tue May 22, 2018 19:47 UTC",Falcon 9 Block 4 | Iridium-6 & GRACE-FO,StatusRetired,Success
Northrop,"LP-0A, Wallops Flight Facility, Virginia, USA","Mon May 21, 2018 04:44 UTC",Antares 230 | CRS OA-9E,StatusRetired,Success
CASC,"LC-3, Xichang Satellite Launch Center, China","Sun May 20, 2018 21:28 UTC","Long March 4C | Queqiao, Longjiang 1 & 2",StatusActive,Success
SpaceX,"LC-39A, Kennedy Space Center, Florida, USA","Fri May 11, 2018 20:14 UTC",Falcon 9 Block 5 | Bangabandhu-1,StatusActive,Success
CASC,"LC-9, Taiyuan Satellite Launch Center, China","Tue May 08, 2018 18:28 UTC",Long March 4C | Gaofen 5,StatusActive,Success
ULA,"SLC-3E, Vandenberg AFB, California, USA","Sat May 05, 2018 11:05 UTC",Atlas V 401 | InSight,StatusActive,Success
CASC,"LC-2, Xichang Satellite Launch Center, China","Thu May 03, 2018 16:05 UTC",Long March 3B/E | Apstar 6C,StatusActive,Success
Blue Origin,"Blue Origin Launch Site, West Texas, Texas, USA","Sun Apr 29, 2018 17:06 UTC",New Shepard | NS-8,StatusActive,Success
CASC,"Site 95, Jiuquan Satellite Launch Center, China","Thu Apr 26, 2018 04:42 UTC",Long March 11 | Zhuhai-1 2A to 2D,StatusActive,Success
Eurockot,"Site 133/3, Plesetsk Cosmodrome, Russia","Wed Apr 25, 2018 17:57 UTC",Rokot/Briz KM | Sentinel-3B,StatusRetired,Success
SpaceX,"SLC-40, Cape Canaveral AFS, Florida, USA","Wed Apr 18, 2018 22:51 UTC",Falcon 9 Block 4 | Transiting Exoplanet Survey Satellite (TESS),StatusRetired,Success
VKS RF,"Site 81/24, Baikonur Cosmodrome, Kazakhstan","Wed Apr 18, 2018 22:12 UTC",Proton-M/Briz-M | Blagovest-12L,StatusActive,Success
ULA,"SLC-41, Cape Canaveral AFS, Florida, USA","Sat Apr 14, 2018 23:13 UTC",Atlas V 551 | AFSPC-11,StatusActive,Success
ISRO,"First Launch Pad, Satish Dhawan Space Centre, India","Wed Apr 11, 2018 22:34 UTC",PSLV-XL | IRNSS-1I,StatusActive,Success
CASC,"Site 9401 (SLS-2), Jiuquan Satellite Launch Center, China","Tue Apr 10, 2018 04:25 UTC","Long March 4C | Yaogan 31 A, B, & C",StatusActive,Success
Arianespace,"ELA-3, Guiana Space Centre, French Guiana, France","Thu Apr 05, 2018 21:34 UTC",Ariane 5 ECA | Superbird-B3/DSN-1 & HYLAS-4,StatusActive,Success
SpaceX,"SLC-40, Cape Canaveral AFS, Florida, USA","Mon Apr 02, 2018 20:30 UTC",Falcon 9 Block 4 | CRS-14,StatusRetired,Success
CASC,"LC-9, Taiyuan Satellite Launch Center, China","Sat Mar 31, 2018 03:22 UTC",Long March 4C | Gaofen-1 02-04,StatusActive,Success
SpaceX,"SLC-4E, Vandenberg AFB, California, USA","Fri Mar 30, 2018 14:14 UTC",Falcon 9 Block 4 | Iridium-5,StatusRetired,Success
CASC,"LC-2, Xichang Satellite Launch Center, China","Thu Mar 29, 2018 17:50 UTC",Long March 3B/YZ-1 | BeiDou-3 M9 & M10,StatusActive,Success
Roscosmos,"Site 43/4, Plesetsk Cosmodrome, Russia","Thu Mar 29, 2018 17:38 UTC",Soyuz 2.1v | Cosmos 2525,StatusActive,Success
ISRO,"Second Launch Pad, Satish Dhawan Space Centre, India","Thu Mar 29, 2018 11:26 UTC",GSLV Mk II | GSAT-6A,StatusActive,Success
Roscosmos,"Site 1/5, Baikonur Cosmodrome, Kazakhstan","Wed Mar 21, 2018 17:44 UTC",Soyuz FG | Soyuz MS-08 (54S),StatusRetired,Success
CASC,"Site 9401 (SLS-2), Jiuquan Satellite Launch Center, China","Sat Mar 17, 2018 07:10 UTC",Long March 2D | LKW-4,StatusActive,Success
Arianespace,"ELS, Guiana Space Centre, French Guiana, France","Fri Mar 09, 2018 17:10 UTC",Soyuz ST-B/Fregat-MT | O3b FM13-FM16,StatusActive,Success
SpaceX,"SLC-40, Cape Canaveral AFS, Florida, USA","Tue Mar 06, 2018 05:33 UTC",Falcon 9 Block 4 | Hispasat 30W-6,StatusRetired,Success
ULA,"SLC-41, Cape Canaveral AFS, Florida, USA","Thu Mar 01, 2018 22:02 UTC",Atlas V 541 | GOES-S (GOES-17),StatusActive,Success
MHI,"LA-Y1, Tanegashima Space Center, Japan","Tue Feb 27, 2018 04:34 UTC",H-IIA 202 | IGS-Optical 6,StatusActive,Success
SpaceX,"SLC-4E, Vandenberg AFB, California, USA","Thu Feb 22, 2018 14:17 UTC","Falcon 9 Block 3 | PAZ & Tintin A, Tintin B",StatusRetired,Success
Roscosmos,"Site 31/6, Baikonur Cosmodrome, Kazakhstan","Tue Feb 13, 2018 08:13 UTC",Soyuz 2.1a | Progress MS-08 (69P),StatusActive,Success
CASC,"LC-2, Xichang Satellite Launch Center, China","Mon Feb 12, 2018 05:10 UTC",Long March 3B/YZ-1 | BeiDou-3 M3 & M4,StatusActive,Success
SpaceX,"LC-39A, Kennedy Space Center, Florida, USA","Tue Feb 06, 2018 20:45 UTC",Falcon Heavy | Test Flight,StatusActive,Success
JAXA,"Uchinoura Space Center, Japan","Sat Feb 03, 2018 05:03 UTC",SS-520 | Tricom-1R,StatusActive,Success
CASC,"Site 9401 (SLS-2), Jiuquan Satellite Launch Center, China","Fri Feb 02, 2018 07:50 UTC",Long March 2D | CSES & Rideshares,StatusActive,Success
Roscosmos,"Site 1S, Vostochny Cosmodrome, Russia","Thu Feb 01, 2018 02:07 UTC",Soyuz 2.1a/Fregat-M | Kanopus-V No. 3-4 & Rideshares,StatusActive,Success
SpaceX,"SLC-40, Cape Canaveral AFS, Florida, USA","Wed Jan 31, 2018 21:25 UTC",Falcon 9 Block 3 | GovSat-1 / SES-16,StatusRetired,Success
Arianespace,"ELA-3, Guiana Space Centre, French Guiana, France","Thu Jan 25, 2018 22:20 UTC",Ariane 5 ECA | SES-14/GOLD & Al Yah-3,StatusActive,Partial Failure
CASC,"LC-3, Xichang Satellite Launch Center, China","Thu Jan 25, 2018 05:39 UTC","Long March 2C | Yaogan 30 J, K & L",StatusActive,Success
Rocket Lab,"Rocket Lab LC-1A, M?hia Peninsula, New Zealand","Sun Jan 21, 2018 01:43 UTC",Electron/Curie | Still Testing,StatusActive,Success
ULA,"SLC-41, Cape Canaveral AFS, Florida, USA","Sat Jan 20, 2018 00:48 UTC",Atlas V 411 | SBIRS GEO-4,StatusActive,Success
CASC,"Site 95, Jiuquan Satellite Launch Center, China","Fri Jan 19, 2018 04:12 UTC","Long March 11 | Jilin-1 07, 08 & Others",StatusActive,Success
JAXA,"Mu Pad, Uchinoura Space Center, Japan","Wed Jan 17, 2018 21:06 UTC",Epsilon PBS | ASNARO 2,StatusActive,Success
CASC,"Site 9401 (SLS-2), Jiuquan Satellite Launch Center, China","Sat Jan 13, 2018 07:20 UTC",Long March 2D | LKW-3,StatusActive,Success
ULA,"SLC-6, Vandenberg AFB, California, USA","Fri Jan 12, 2018 22:11 UTC","Delta IV Medium+ (5,2) | NROL-47",StatusRetired,Success
ISRO,"First Launch Pad, Satish Dhawan Space Centre, India","Fri Jan 12, 2018 03:58 UTC",PSLV-XL | Cartosat-2F & Rideshares,StatusActive,Success
CASC,"LC-2, Xichang Satellite Launch Center, China","Thu Jan 11, 2018 23:18 UTC",Long March 3B/YZ-1 | BeiDou-3 M7 & M8,StatusActive,Success
CASC,"LC-9, Taiyuan Satellite Launch Center, China","Tue Jan 09, 2018 03:24 UTC",Long March 2D | SuperView 03 & 04,StatusActive,Success
SpaceX,"SLC-40, Cape Canaveral AFS, Florida, USA","Mon Jan 08, 2018 01:00 UTC",Falcon 9 Block 4 | Zuma,StatusRetired,Success
Land Launch,"Site 45/1, Baikonur Cosmodrome, Kazakhstan","Tue Dec 26, 2017 19:00 UTC",Zenit-3 SLBF | AngoSat-1,StatusActive,Success
CASC,"LC-3, Xichang Satellite Launch Center, China","Mon Dec 25, 2017 19:44 UTC","Long March 2C | Yaogan-30 G, H & I",StatusActive,Success
CASC,"Site 9401 (SLS-2), Jiuquan Satellite Launch Center, China","Sat Dec 23, 2017 04:14 UTC",Long March 2D | LKW-2,StatusActive,Success
SpaceX,"SLC-4E, Vandenberg AFB, California, USA","Sat Dec 23, 2017 01:27 UTC",Falcon 9 Block 3 | Iridium-4,StatusRetired,Success
MHI,"LA-Y1, Tanegashima Space Center, Japan","Sat Dec 23, 2017 01:26 UTC",H-IIA 202 | GCOM-C & SLATS,StatusActive,Success
Roscosmos,"Site 1/5, Baikonur Cosmodrome, Kazakhstan","Sun Dec 17, 2017 07:21 UTC",Soyuz FG | Soyuz MS-07 (53S),StatusRetired,Success
Blue Origin,"Blue Origin Launch Site, West Texas, Texas, USA","Sun Dec 17, 2017",New Shepard | NS-7,StatusActive,Success
SpaceX,"SLC-40, Cape Canaveral AFS, Florida, USA","Fri Dec 15, 2017 15:36 UTC",Falcon 9 Block 3 | CRS-13,StatusRetired,Success
Arianespace,"ELA-3, Guiana Space Centre, French Guiana, France","Tue Dec 12, 2017 18:36 UTC",Ariane 5 ES | Galileo FOC FM15-FM18,StatusRetired,Success
CASC,"LC-2, Xichang Satellite Launch Center, China","Sun Dec 10, 2017 16:41 UTC",Long March 3B/E | Alcomsat-1,StatusActive,Success
CASC,"Site 9401 (SLS-2), Jiuquan Satellite Launch Center, China","Sun Dec 03, 2017 04:11 UTC",Long March 2D | LKW-1,StatusActive,Success
VKS RF,"Site 43/4, Plesetsk Cosmodrome, Russia","Sat Dec 02, 2017 10:43 UTC",Soyuz 2.1b | Cosmos 2524,StatusActive,Success
Roscosmos,"Site 1S, Vostochny Cosmodrome, Russia","Tue Nov 28, 2017 05:41 UTC",Soyuz 2.1b/Fregat-M | Meteor-M No.2-1 & Rideshares,StatusActive,Failure
CASC,"LC-3, Xichang Satellite Launch Center, China","Fri Nov 24, 2017 18:10 UTC","Long March 2C | Yaogan-30 D, E, & F",StatusActive,Success
CASC,"LC-16, Taiyuan Satellite Launch Center, China","Tue Nov 21, 2017 04:50 UTC","Long March 6 | Jilin-1 Video 04, 05 & 06",StatusActive,Success
ULA,"SLC-2W, Vandenberg AFB, California, USA","Sat Nov 18, 2017 09:47 UTC",Delta II 7920-10C | JPSS-1,StatusRetired,Success
CASC,"LC-9, Taiyuan Satellite Launch Center, China","Tue Nov 14, 2017 18:35 UTC",Long March 4C | Fengyun 3D,StatusActive,Success
Northrop,"LP-0A, Wallops Flight Facility, Virginia, USA","Sun Nov 12, 2017 12:19 UTC",Antares 230 | CRS OA-8E,StatusRetired,Success
Arianespace,"ELV-1 (SLV), Guiana Space Centre, French Guiana, France","Wed Nov 08, 2017 01:42 UTC",Vega | Mohammed VI-A,StatusActive,Success
CASC,"LC-2, Xichang Satellite Launch Center, China","Sun Nov 05, 2017 11:45 UTC",Long March 3B/YZ-1 | BeiDou-3 M1 & M2,StatusActive,Success
Northrop,"SLC-576E, Vandenberg AFB, California, USA","Tue Oct 31, 2017 21:37 UTC",Minotaur C (Taurus) | SkySat & Flock-3m,StatusActive,Success
SpaceX,"LC-39A, Kennedy Space Center, Florida, USA","Mon Oct 30, 2017 19:34 UTC",Falcon 9 Block 4 | Koreasat 5A,StatusRetired,Success
ULA,"SLC-41, Cape Canaveral AFS, Florida, USA","Sun Oct 15, 2017 07:28 UTC",Atlas V 421 | NROL-52,StatusActive,Success
Roscosmos,"Site 31/6, Baikonur Cosmodrome, Kazakhstan","Sat Oct 14, 2017 08:46 UTC",Soyuz 2.1a | Progress MS-07 (68P),StatusActive,Success
Eurockot,"Site 133/3, Plesetsk Cosmodrome, Russia","Fri Oct 13, 2017 09:27 UTC",Rokot/Briz KM | Sentinel-5P,StatusRetired,Success
SpaceX,"LC-39A, Kennedy Space Center, Florida, USA","Wed Oct 11, 2017 22:53 UTC",Falcon 9 Block 3 | SES-11 / EchoStar 105,StatusRetired,Success
MHI,"LA-Y1, Tanegashima Space Center, Japan","Mon Oct 09, 2017 22:01 UTC",H-IIA 202 | QZS-4,StatusActive,Success
SpaceX,"SLC-4E, Vandenberg AFB, California, USA","Mon Oct 09, 2017 12:37 UTC",Falcon 9 Block 4 | Iridium-3,StatusRetired,Success
CASC,"Site 9401 (SLS-2), Jiuquan Satellite Launch Center, China","Mon Oct 09, 2017 04:13 UTC",Long March 2D | VRSS-2,StatusActive,Success
Arianespace,"ELA-3, Guiana Space Centre, French Guiana, France","Fri Sep 29, 2017 21:56 UTC","Ariane 5 ECA | Intelsat 37e, BSAT-4a",StatusActive,Success
CASC,"LC-3, Xichang Satellite Launch Center, China","Fri Sep 29, 2017 04:21 UTC","Long March 2C | Yaogan-30 A, B & C",StatusActive,Success
VKS RF,"Site 200/39, Baikonur Cosmodrome, Kazakhstan","Thu Sep 28, 2017 18:52 UTC",Proton-M/Briz-M | AsiaSat 9,StatusActive,Success
ULA,"SLC-3E, Vandenberg AFB, California, USA","Sun Sep 24, 2017 05:49 UTC",Atlas V 541 | NROL-42,StatusActive,Success
ILS,"Site 200/39, Baikonur Cosmodrome, Kazakhstan","Mon Sep 11, 2017 19:23 UTC",Proton-M/Briz-M | Amazonas 5,StatusActive,Success
SpaceX,"LC-39A, Kennedy Space Center, Florida, USA","Thu Sep 07, 2017 14:00 UTC",Falcon 9 Block 4 | OTV-5,StatusRetired,Success
ISRO,"First Launch Pad, Satish Dhawan Space Centre, India","Thu Aug 31, 2017 13:30 UTC",PSLV-XL | IRNSS-1H,StatusActive,Failure
Northrop,"SLC-46, Cape Canaveral AFS, Florida, USA","Fri Aug 25, 2017 06:04 UTC",Minotaur IV | ORS-5,StatusActive,Success
SpaceX,"SLC-4E, Vandenberg AFB, California, USA","Thu Aug 24, 2017 18:51 UTC",Falcon 9 Block 3 | Formosat-5,StatusRetired,Success
VKS RF,"Site 43/4, Plesetsk Cosmodrome, Russia","Tue Aug 22, 2017 00:02 UTC",Soyuz 2.1b/Fregat-M | GLONASS-M No.52S,StatusActive,Success
MHI,"LA-Y1, Tanegashima Space Center, Japan","Sat Aug 19, 2017 05:29 UTC",H-IIA 204 | QZS-3,StatusActive,Success
ULA,"SLC-41, Cape Canaveral AFS, Florida, USA","Fri Aug 18, 2017 12:29 UTC",Atlas V 401 | TDRS-M (TDRS-13),StatusActive,Success
VKS RF,"Site 81/24, Baikonur Cosmodrome, Kazakhstan","Wed Aug 16, 2017 22:07 UTC",Proton-M/Briz-M | Blagovest-11L,StatusActive,Success
SpaceX,"LC-39A, Kennedy Space Center, Florida, USA","Mon Aug 14, 2017 16:31 UTC",Falcon 9 Block 4 | CRS-12,StatusRetired,Success
Roscosmos,"Site 1/5, Baikonur Cosmodrome, Kazakhstan","Sat Aug 12, 2017 21:17 UTC",Soyuz FG | Soyuz MS-06 (52S),StatusRetired,Success
Arianespace,"ELV-1 (SLV), Guiana Space Centre, French Guiana, France","Wed Aug 02, 2017 01:58 UTC",Vega | OPSAT 3000 & VEN†æS,StatusActive,Success
Roscosmos,"Site 1/5, Baikonur Cosmodrome, Kazakhstan","Fri Jul 28, 2017 15:41 UTC",Soyuz FG | Soyuz MS-05 (51S),StatusRetired,Success
ISA,"Imam Khomeini Spaceport, Semnan Space Center, Iran","Thu Jul 27, 2017",Simorgh | Test Flight,StatusActive,Failure
Roscosmos,"Site 31/6, Baikonur Cosmodrome, Kazakhstan","Fri Jul 14, 2017 06:36 UTC",Soyuz 2.1a/Fregat | Kanopus-V IK & Rideshares,StatusActive,Partial Failure
SpaceX,"LC-39A, Kennedy Space Center, Florida, USA","Wed Jul 05, 2017 20:25 UTC",Falcon 9 Block 3 | Intelsat 35e,StatusRetired,Success
CASC,"LC-101, Wenchang Satellite Launch Center, China","Sun Jul 02, 2017 11:23 UTC",Long March 5 | Shijian-18,StatusActive,Failure
Arianespace,"ELA-3, Guiana Space Centre, French Guiana, France","Wed Jun 28, 2017 21:15 UTC","Ariane 5 ECA | Hellas Sat 3-Inmarsat S EAN, GSAT-17",StatusActive,Success
SpaceX,"SLC-4E, Vandenberg AFB, California, USA","Sun Jun 25, 2017 20:25 UTC",Falcon 9 Block 3 | Iridium-2,StatusRetired,Success
SpaceX,"LC-39A, Kennedy Space Center, Florida, USA","Fri Jun 23, 2017 19:10 UTC",Falcon 9 Block 3 | BulgariaSat-1,StatusRetired,Success
VKS RF,"Site 43/4, Plesetsk Cosmodrome, Russia","Fri Jun 23, 2017 18:04 UTC","Soyuz 2.1v/Volga | Cosmos 2519, 2521 and 2523",StatusActive,Success
ISRO,"First Launch Pad, Satish Dhawan Space Centre, India","Fri Jun 23, 2017 03:59 UTC",PSLV-XL | Cartosat-2E & Rideshares,StatusActive,Success
CASC,"LC-2, Xichang Satellite Launch Center, China","Sun Jun 18, 2017 16:12 UTC",Long March 3B/E | ChinaSat 9A,StatusActive,Partial Failure
CASC,"Site 9401 (SLS-2), Jiuquan Satellite Launch Center, China","Thu Jun 15, 2017 03:15 UTC",Long March 4B | HXMT & Others,StatusActive,Success
Roscosmos,"Site 31/6, Baikonur Cosmodrome, Kazakhstan","Wed Jun 14, 2017 09:20 UTC",Soyuz 2.1a | Progress MS-06 (67P),StatusActive,Success
ILS,"Site 81/24, Baikonur Cosmodrome, Kazakhstan","Thu Jun 08, 2017 03:45 UTC",Proton-M/Briz-M | Echostar 21,StatusActive,Success
ISRO,"Second Launch Pad, Satish Dhawan Space Centre, India","Mon Jun 05, 2017 11:58 UTC",GSLV Mk III | GSAT-19,StatusActive,Success
SpaceX,"LC-39A, Kennedy Space Center, Florida, USA","Sat Jun 03, 2017 21:07 UTC",Falcon 9 Block 3 | CRS-11,StatusRetired,Success
Arianespace,"ELA-3, Guiana Space Centre, French Guiana, France","Thu Jun 01, 2017 23:45 UTC","Ariane 5 ECA | ViaSat 2, Eutelsat 172B",StatusActive,Success
MHI,"LA-Y1, Tanegashima Space Center, Japan","Thu Jun 01, 2017 00:17 UTC",H-IIA 202 | QZS-2,StatusActive,Success
VKS RF,"Site 43/4, Plesetsk Cosmodrome, Russia","Thu May 25, 2017 06:33 UTC",Soyuz 2.1b/Fregat-M | EKS-2,StatusActive,Success
Rocket Lab,"Rocket Lab LC-1A, M?hia Peninsula, New Zealand","Thu May 25, 2017 04:20 UTC",Electron | It's a Test,StatusActive,Failure
Arianespace,"ELS, Guiana Space Centre, French Guiana, France","Thu May 18, 2017 11:54 UTC",Soyuz ST-A/Fregat-M | SES-15,StatusActive,Success
SpaceX,"LC-39A, Kennedy Space Center, Florida, USA","Mon May 15, 2017 23:21 UTC",Falcon 9 Block 3 | Inmarsat-5 F4,StatusRetired,Success
ISRO,"Second Launch Pad, Satish Dhawan Space Centre, India","Fri May 05, 2017 11:27 UTC",GSLV Mk II | GSAT-9,StatusActive,Success
Arianespace,"ELA-3, Guiana Space Centre, French Guiana, France","Thu May 04, 2017 21:50 UTC","Ariane 5 ECA | Koreasat 7, SGDC-1",StatusActive,Success
SpaceX,"LC-39A, Kennedy Space Center, Florida, USA","Mon May 01, 2017 11:15 UTC",Falcon 9 Block 3 | NROL-76,StatusRetired,Success
CASC,"LC-201, Wenchang Satellite Launch Center, China","Thu Apr 20, 2017 11:41 UTC",Long March 7/YZ-1A | Tianzhou 1,StatusActive,Success
Roscosmos,"Site 1/5, Baikonur Cosmodrome, Kazakhstan","Thu Apr 20, 2017 07:13 UTC",Soyuz FG | Soyuz MS-04 (50S),StatusRetired,Success
ULA,"SLC-41, Cape Canaveral AFS, Florida, USA","Tue Apr 18, 2017 15:11 UTC",Atlas V 401 | CRS OA-7,StatusActive,Success
CASC,"LC-2, Xichang Satellite Launch Center, China","Wed Apr 12, 2017 11:04 UTC",Long March 3B/E | Shijian 13,StatusActive,Success
SpaceX,"LC-39A, Kennedy Space Center, Florida, USA","Thu Mar 30, 2017 22:27 UTC",Falcon 9 Block 3 | SES-10,StatusRetired,Success
ULA,"SLC-37B, Cape Canaveral AFS, Florida, USA","Sun Mar 19, 2017 00:18 UTC","Delta IV Medium+ (5,4) | WGS-9",StatusRetired,Success
MHI,"LA-Y1, Tanegashima Space Center, Japan","Fri Mar 17, 2017 01:20 UTC",H-IIA 202 | IGS-Radar 5,StatusActive,Success
SpaceX,"LC-39A, Kennedy Space Center, Florida, USA","Thu Mar 16, 2017 06:00 UTC",Falcon 9 Block 3 | Echostar 23,StatusRetired,Success
Arianespace,"ELV-1 (SLV), Guiana Space Centre, French Guiana, France","Tue Mar 07, 2017 01:49 UTC",Vega | Sentinel 2B,StatusActive,Success
CASIC,"Site 95, Jiuquan Satellite Launch Center, China","Thu Mar 02, 2017 23:53 UTC",Kaituozhe 2 | Tiankun-1,StatusActive,Success
ULA,"SLC-3E, Vandenberg AFB, California, USA","Wed Mar 01, 2017 17:49 UTC",Atlas V 401 | NROL-79,StatusActive,Success
Roscosmos,"Site 1/5, Baikonur Cosmodrome, Kazakhstan","Wed Feb 22, 2017 05:58 UTC",Soyuz U | Progress MS-05 (66P),StatusRetired,Success
SpaceX,"LC-39A, Kennedy Space Center, Florida, USA","Sun Feb 19, 2017 14:39 UTC",Falcon 9 Block 3 | CRS-10,StatusRetired,Success
ISRO,"First Launch Pad, Satish Dhawan Space Centre, India","Wed Feb 15, 2017 03:58 UTC",PSLV-XL | Cartosat-2D & Rideshares,StatusActive,Success
Arianespace,"ELA-3, Guiana Space Centre, French Guiana, France","Tue Feb 14, 2017 21:39 UTC",Ariane 5 ECA | Intelsat 32e/SkyBrasil-1 & Telkom-3S,StatusActive,Success
Arianespace,"ELS, Guiana Space Centre, French Guiana, France","Sat Jan 28, 2017 01:03 UTC",Soyuz ST-B/Fregat-MT | Hispasat AG1,StatusActive,Success
MHI,"LA-Y1, Tanegashima Space Center, Japan","Tue Jan 24, 2017 07:44 UTC",H-IIA 204 | DSN-2,StatusActive,Success
ULA,"SLC-41, Cape Canaveral AFS, Florida, USA","Sat Jan 21, 2017 00:42 UTC",Atlas V 401 | SBIRS GEO-3,StatusActive,Success
JAXA,"Uchinoura Space Center, Japan","Sat Jan 14, 2017 23:33 UTC",SS-520 | TRICOM-1,StatusActive,Failure
SpaceX,"SLC-4E, Vandenberg AFB, California, USA","Sat Jan 14, 2017 17:54 UTC",Falcon 9 Block 3 | Iridium-1,StatusRetired,Success
ExPace,"Site 95, Jiuquan Satellite Launch Center, China","Mon Jan 09, 2017 04:11 UTC","Kuaizhou 1A | Jilin-1 03, Caton-1 & Xingyun Shiyan 1",StatusActive,Success
CASC,"LC-2, Xichang Satellite Launch Center, China","Thu Jan 05, 2017 15:18 UTC",Long March 3B/E | TJS 2,StatusActive,Success
CASC,"LC-9, Taiyuan Satellite Launch Center, China","Wed Dec 28, 2016 03:23 UTC","Long March 2D | SuperView-1 1, 2 & Bayi Kepu 1",StatusActive,Partial Failure
Arianespace,"ELA-3, Guiana Space Centre, French Guiana, France","Wed Dec 21, 2016 20:30 UTC","Ariane 5 ECA | Star One D1, JCSAT-15",StatusActive,Success
CASC,"Site 9401 (SLS-2), Jiuquan Satellite Launch Center, China","Wed Dec 21, 2016 19:22 UTC","Long March 2D | TanSat & Spark 1, 2",StatusActive,Success
JAXA,"Mu Pad, Uchinoura Space Center, Japan","Tue Dec 20, 2016 11:00 UTC",Epsilon | ERG,StatusActive,Success
ULA,"SLC-41, Cape Canaveral AFS, Florida, USA","Sun Dec 18, 2016 19:13 UTC",Atlas V 431 | EchoStar 19,StatusActive,Success
Northrop,"Stargazer, Cape Canaveral AFS, Florida, USA","Thu Dec 15, 2016 13:37 UTC",Pegasus XL | CYGNSS,StatusActive,Success
CASC,"LC-3, Xichang Satellite Launch Center, China","Sat Dec 10, 2016 16:11 UTC",Long March 3B/E | Fengyun 4A,StatusActive,Success
MHI,"LA-Y2, Tanegashima Space Center, Japan","Fri Dec 09, 2016 13:26 UTC",H-IIB | HTV-6,StatusRetired,Success
ULA,"SLC-37B, Cape Canaveral AFS, Florida, USA","Wed Dec 07, 2016 23:53 UTC","Delta IV Medium+ (5,4) | WGS-8",StatusRetired,Success
ISRO,"First Launch Pad, Satish Dhawan Space Centre, India","Wed Dec 07, 2016 04:54 UTC",PSLV-XL | Resourcesat-2A,StatusActive,Success
Arianespace,"ELV-1 (SLV), Guiana Space Centre, French Guiana, France","Mon Dec 05, 2016 13:51 UTC",Vega | G??kt??rk-1A,StatusActive,Success
Roscosmos,"Site 1/5, Baikonur Cosmodrome, Kazakhstan","Thu Dec 01, 2016 14:52 UTC",Soyuz U | Progress MS-04,StatusRetired,Failure
CASC,"LC-2, Xichang Satellite Launch Center, China","Tue Nov 22, 2016 15:24 UTC",Long March 3C/E | Tianlian I-04,StatusActive,Success
ULA,"SLC-41, Cape Canaveral AFS, Florida, USA","Sat Nov 19, 2016 23:42 UTC",Atlas V 541 | GOES-R (GOES-16),StatusActive,Success
Roscosmos,"Site 1/5, Baikonur Cosmodrome, Kazakhstan","Thu Nov 17, 2016 20:20 UTC",Soyuz FG | Soyuz MS-03,StatusRetired,Success
Arianespace,"ELA-3, Guiana Space Centre, French Guiana, France","Thu Nov 17, 2016 13:06 UTC",Ariane 5 ES | Galileo FOC FM7/FM12-FM14,StatusRetired,Success
CASC,"Site 9401 (SLS-2), Jiuquan Satellite Launch Center, China","Fri Nov 11, 2016 23:14 UTC",Long March 2D | Yunhai-1,StatusActive,Success
ULA,"SLC-3E, Vandenberg AFB, California, USA","Fri Nov 11, 2016 18:30 UTC",Atlas V 401 | WorldView-4,StatusActive,Success
CASC,"Site 95, Jiuquan Satellite Launch Center, China","Wed Nov 09, 2016 23:42 UTC","Long March 11 | XPNAV 1, Xiaoxiang 1 & Others",StatusActive,Success
CASC,"LC-101, Wenchang Satellite Launch Center, China","Thu Nov 03, 2016 12:42 UTC",Long March 5/YZ-2 | Shijian-17,StatusActive,Success
MHI,"LA-Y1, Tanegashima Space Center, Japan","Wed Nov 02, 2016 06:20 UTC",H-IIA 202 | Himawari 9,StatusActive,Success
Roscosmos,"Site 31/6, Baikonur Cosmodrome, Kazakhstan","Wed Oct 19, 2016 08:05 UTC",Soyuz FG | Soyuz MS-02,StatusRetired,Success
Northrop,"LP-0A, Wallops Flight Facility, Virginia, USA","Mon Oct 17, 2016 23:45 UTC",Antares 230 | CRS OA-5,StatusRetired,Success
CASC,"Site 901 (SLS-1), Jiuquan Satellite Launch Center, China","Sun Oct 16, 2016 23:30 UTC",Long March 2F/G | Shenzhou 11,StatusActive,Success
Blue Origin,"Blue Origin Launch Site, West Texas, Texas, USA","Thu Oct 06, 2016 15:36 UTC",New Shepard | NS-6 (Inflight Escape Test),StatusActive,Success
Arianespace,"ELA-3, Guiana Space Centre, French Guiana, France","Wed Oct 05, 2016 20:30 UTC","Ariane 5 ECA | Sky Muster II, GSAT-18",StatusActive,Success
ISRO,"First Launch Pad, Satish Dhawan Space Centre, India","Mon Sep 26, 2016 03:42 UTC",PSLV-G | ScatSat-1 & Rideshares,StatusRetired,Success
Arianespace,"ELV-1 (SLV), Guiana Space Centre, French Guiana, France","Fri Sep 16, 2016 01:43 UTC",Vega | PeruSat-1 and SkySats 4-7,StatusActive,Success
CASC,"Site 901 (SLS-1), Jiuquan Satellite Launch Center, China","Thu Sep 15, 2016 14:04 UTC",Long March 2F/T | Tiangong-2,StatusActive,Success
IAI,"Pad 1, Palmachim Airbase, Israel","Tue Sep 13, 2016 14:30 UTC",Shavit-2 | Ofek-11,StatusActive,Success
ULA,"SLC-41, Cape Canaveral AFS, Florida, USA","Thu Sep 08, 2016 23:05 UTC",Atlas V 411 | OSIRIS-REx,StatusActive,Success
ISRO,"Second Launch Pad, Satish Dhawan Space Centre, India","Thu Sep 08, 2016 11:20 UTC",GSLV Mk II | INSAT-3DR,StatusActive,Success
SpaceX,"SLC-40, Cape Canaveral AFS, Florida, USA","Thu Sep 01, 2016 13:07 UTC",Falcon 9 Block 3 | AMOS-6,StatusRetired,Prelaunch Failure
CASC,"LC-9, Taiyuan Satellite Launch Center, China","Wed Aug 31, 2016 18:50 UTC",Long March 4C | Gaofen-10,StatusActive,Failure
Arianespace,"ELA-3, Guiana Space Centre, French Guiana, France","Wed Aug 24, 2016 22:16 UTC","Ariane 5 ECA | Intelsat 33e, Intelsat 36",StatusActive,Success
ULA,"SLC-37B, Cape Canaveral AFS, Florida, USA","Fri Aug 19, 2016 04:52 UTC","Delta IV Medium+ (4,2) | AFSPC-6",StatusRetired,Success
CASC,"Site 9401 (SLS-2), Jiuquan Satellite Launch Center, China","Mon Aug 15, 2016 17:40 UTC","Long March 2D | QUESS, Lixing-1, & 3CAT 2",StatusActive,Success
SpaceX,"SLC-40, Cape Canaveral AFS, Florida, USA","Sun Aug 14, 2016 05:26 UTC",Falcon 9 Block 3 | JCSAT-16,StatusRetired,Success
CASC,"LC-9, Taiyuan Satellite Launch Center, China","Tue Aug 09, 2016 22:55 UTC",Long March 4C | Gaofen-3,StatusActive,Success
CASC,"LC-3, Xichang Satellite Launch Center, China","Fri Aug 05, 2016 16:22 UTC",Long March 3B/E | Tiantong-1 01,StatusActive,Success
ULA,"SLC-41, Cape Canaveral AFS, Florida, USA","Thu Jul 28, 2016 12:37 UTC",Atlas V 421 | NROL-61,StatusActive,Success
SpaceX,"SLC-40, Cape Canaveral AFS, Florida, USA","Mon Jul 18, 2016 04:45 UTC",Falcon 9 Block 3 | CRS-9,StatusRetired,Success
Roscosmos,"Site 31/6, Baikonur Cosmodrome, Kazakhstan","Sat Jul 16, 2016 21:41 UTC",Soyuz U | Progress MS-03,StatusRetired,Success
Roscosmos,"Site 1/5, Baikonur Cosmodrome, Kazakhstan","Thu Jul 07, 2016 01:36 UTC",Soyuz FG | Soyuz MS-01,StatusRetired,Success
CASC,"Site 9401 (SLS-2), Jiuquan Satellite Launch Center, China","Wed Jun 29, 2016 03:21 UTC",Long March 4B | Shijian 16-02,StatusActive,Success
CASC,"LC-201, Wenchang Satellite Launch Center, China","Sat Jun 25, 2016 12:00 UTC",Long March 7/YZ-1A | Demo Flight,StatusActive,Success
ULA,"SLC-41, Cape Canaveral AFS, Florida, USA","Fri Jun 24, 2016 14:30 UTC",Atlas V 551 | MUOS-5,StatusActive,Success
ISRO,"Second Launch Pad, Satish Dhawan Space Centre, India","Wed Jun 22, 2016 03:56 UTC",PSLV-XL | Cartosat-2C & Rideshares,StatusActive,Success
Blue Origin,"Blue Origin Launch Site, West Texas, Texas, USA","Sun Jun 19, 2016 14:36 UTC",New Shepard | NS-5,StatusActive,Success
Arianespace,"ELA-3, Guiana Space Centre, French Guiana, France","Sat Jun 18, 2016 05:20 UTC","Ariane 5 ECA | EchoStar 18, BRISat",StatusActive,Success
SpaceX,"SLC-40, Cape Canaveral AFS, Florida, USA","Wed Jun 15, 2016 14:29 UTC",Falcon 9 Block 3 | ABS-2A & Eutelsat 117 West B,StatusRetired,Success
CASC,"LC-3, Xichang Satellite Launch Center, China","Sun Jun 12, 2016 15:30 UTC",Long March 3C/E | BeiDou-2 G7,StatusActive,Success
ULA,"SLC-37B, Cape Canaveral AFS, Florida, USA","Sat Jun 11, 2016 17:51 UTC",Delta IV Heavy | NROL-37,StatusActive,Success
ILS,"Site 81/24, Baikonur Cosmodrome, Kazakhstan","Thu Jun 09, 2016 07:10 UTC",Proton-M/Briz-M | Intelsat 31 / DLA-2,StatusActive,Success
VKS RF,"Site 133/3, Plesetsk Cosmodrome, Russia","Sat Jun 04, 2016 14:00 UTC",Rokot/Briz KM | Cosmos 2517,StatusRetired,Success
CASC,"LC-9, Taiyuan Satellite Launch Center, China","Mon May 30, 2016 03:17 UTC","Long March 4B | Ziyuan III-02 & ??uSat-1, 2",StatusActive,Success
VKS RF,"Site 43/4, Plesetsk Cosmodrome, Russia","Sun May 29, 2016 08:44 UTC",Soyuz 2.1b/Fregat | GLONASS-M No.51S,StatusActive,Success
SpaceX,"SLC-40, Cape Canaveral AFS, Florida, USA","Fri May 27, 2016 21:39 UTC",Falcon 9 Block 3 | Thaicom 8,StatusRetired,Success
Arianespace,"ELS, Guiana Space Centre, French Guiana, France","Tue May 24, 2016 08:48 UTC",Soyuz ST-B/Fregat-MT | Galileo FOC FM10/FM11,StatusActive,Success
CASC,"Site 9401 (SLS-2), Jiuquan Satellite Launch Center, China","Sun May 15, 2016 02:43 UTC",Long March 2D | Yaogan 30,StatusActive,Success
SpaceX,"SLC-40, Cape Canaveral AFS, Florida, USA","Fri May 06, 2016 05:21 UTC",Falcon 9 Block 3 | JCSAT-14,StatusRetired,Success
ISRO,"First Launch Pad, Satish Dhawan Space Centre, India","Thu Apr 28, 2016 07:20 UTC",PSLV-XL | IRNSS-1G,StatusActive,Success
Roscosmos,"Site 1S, Vostochny Cosmodrome, Russia","Thu Apr 28, 2016 02:01 UTC","Soyuz 2.1a/Volga | Mikhailo Lomonosov, Aist-2D, & SamSat 218",StatusActive,Success
Arianespace,"ELS, Guiana Space Centre, French Guiana, France","Mon Apr 25, 2016 21:02 UTC","Soyuz ST-A/Fregat-M | Sentinel 1B, MICROSCOPE & Others",StatusActive,Success
SpaceX,"SLC-40, Cape Canaveral AFS, Florida, USA","Fri Apr 08, 2016 20:43 UTC",Falcon 9 Block 3 | CRS-8,StatusRetired,Success
CASC,"Site 9401 (SLS-2), Jiuquan Satellite Launch Center, China","Tue Apr 05, 2016 17:38 UTC",Long March 2D | Shijian-10,StatusActive,Success
Blue Origin,"Blue Origin Launch Site, West Texas, Texas, USA","Sat Apr 02, 2016",New Shepard | NS-4,StatusActive,Success
Roscosmos,"Site 31/6, Baikonur Cosmodrome, Kazakhstan","Thu Mar 31, 2016 16:23 UTC",Soyuz 2.1a | Progress MS-02,StatusActive,Success
CASC,"LC-2, Xichang Satellite Launch Center, China","Tue Mar 29, 2016 20:11 UTC",Long March 3A | BeiDou IGSO-6,StatusActive,Success
VKS RF,"Site 43/4, Plesetsk Cosmodrome, Russia","Thu Mar 24, 2016 09:42 UTC",Soyuz 2.1a | Bars-M 2L,StatusActive,Success
ULA,"SLC-41, Cape Canaveral AFS, Florida, USA","Wed Mar 23, 2016 03:05 UTC",Atlas V 401 | CRS OA-6,StatusActive,Success
Roscosmos,"Site 1/5, Baikonur Cosmodrome, Kazakhstan","Fri Mar 18, 2016 21:26 UTC",Soyuz FG | Soyuz TMA-20M,StatusRetired,Success
Roscosmos,"Site 200/39, Baikonur Cosmodrome, Kazakhstan","Mon Mar 14, 2016 09:31 UTC",Proton-M/Briz-M | ExoMars Trace Gas Orbiter & Schiaparelli EDM,StatusActive,Success
Roscosmos,"Site 31/6, Baikonur Cosmodrome, Kazakhstan","Sun Mar 13, 2016 18:56 UTC",Soyuz 2.1b | Resurs-P No.3,StatusActive,Success
ISRO,"Second Launch Pad, Satish Dhawan Space Centre, India","Thu Mar 10, 2016 10:31 UTC",PSLV-XL | IRNSS-1F,StatusActive,Success
Arianespace,"ELA-3, Guiana Space Centre, French Guiana, France","Wed Mar 09, 2016 05:20 UTC",Ariane 5 ECA | Eutelsat 65 West A,StatusActive,Success
SpaceX,"SLC-40, Cape Canaveral AFS, Florida, USA","Fri Mar 04, 2016 23:35 UTC",Falcon 9 Block 3 | SES-9,StatusRetired,Success
MHI,"LA-Y1, Tanegashima Space Center, Japan","Wed Feb 17, 2016 08:45 UTC","H-IIA 202 | Astro H, Horyu 4 & Kinshachi 2 and 3",StatusActive,Success
Eurockot,"Site 133/3, Plesetsk Cosmodrome, Russia","Tue Feb 16, 2016 17:57 UTC",Rokot/Briz KM | Sentinel-3A,StatusRetired,Success
ULA,"SLC-6, Vandenberg AFB, California, USA","Wed Feb 10, 2016 11:40 UTC","Delta IV Medium+ (5,2) | NROL-45",StatusRetired,Success
KCST,"Pad 1, Sohae Satellite Launching Station, North Korea","Sun Feb 07, 2016 00:30 UTC",Unha-3 | Kwangmyngsng-4,StatusActive,Success
VKS RF,"Site 43/4, Plesetsk Cosmodrome, Russia","Sun Feb 07, 2016 00:21 UTC",Soyuz 2.1b/Fregat | GLONASS-M No.50S,StatusActive,Success
ULA,"SLC-41, Cape Canaveral AFS, Florida, USA","Fri Feb 05, 2016 13:38 UTC",Atlas V 401 | GPS IIF-12,StatusActive,Success
CASC,"LC-2, Xichang Satellite Launch Center, China","Mon Feb 01, 2016 07:29 UTC",Long March 3C/YZ-1 | BeiDou M3-S,StatusActive,Success
ILS,"Site 200/39, Baikonur Cosmodrome, Kazakhstan","Fri Jan 29, 2016 22:20 UTC",Proton-M/Briz-M | Eutelsat 9B,StatusActive,Success
Arianespace,"ELA-3, Guiana Space Centre, French Guiana, France","Wed Jan 27, 2016 23:20 UTC",Ariane 5 ECA | Intelsat 29e,StatusActive,Success
Blue Origin,"Blue Origin Launch Site, West Texas, Texas, USA","Fri Jan 22, 2016",New Shepard | NS-3,StatusActive,Success
ISRO,"Second Launch Pad, Satish Dhawan Space Centre, India","Wed Jan 20, 2016 04:01 UTC",PSLV-XL | IRNSS-1E,StatusActive,Success
SpaceX,"SLC-4E, Vandenberg AFB, California, USA","Sun Jan 17, 2016 18:42 UTC",Falcon 9 v1.1 | Jason-3,StatusRetired,Success
CASC,"LC-3, Xichang Satellite Launch Center, China","Fri Jan 15, 2016 16:57 UTC",Long March 3B/E | Belintersat 1,StatusActive,Success
SpaceX,"SLC-40, Cape Canaveral AFS, Florida, USA","Tue Dec 22, 2015 01:29 UTC",Falcon 9 Block 3 | OG2 Mission 2,StatusRetired,Success
Arianespace,"ELS, Guiana Space Centre, French Guiana, France","Thu Dec 17, 2015 11:51 UTC",Soyuz ST-B/Fregat-MT | Galileo FOC FM8-FM9,StatusActive,Success
ISRO,"First Launch Pad, Satish Dhawan Space Centre, India","Wed Dec 16, 2015 12:30 UTC",PSLV-CA | TeLEOS-1 & Rideshares,StatusActive,Success
Roscosmos,"Site 45/1, Baikonur Cosmodrome, Kazakhstan","Fri Dec 11, 2015 13:45 UTC",Zenit-3 SLBF | Elektro-L n†­2,StatusActive,Success
ULA,"SLC-41, Cape Canaveral AFS, Florida, USA","Sun Dec 06, 2015 21:44 UTC",Atlas V 401 | CRS OA-4,StatusActive,Success
VKS RF,"Site 43/4, Plesetsk Cosmodrome, Russia","Sat Dec 05, 2015 14:08 UTC",Soyuz 2.1v/Volga | Cosmos 2511 and 2512,StatusActive,Partial Failure
Arianespace,"ELV-1 (SLV), Guiana Space Centre, French Guiana, France","Thu Dec 03, 2015 04:04 UTC",Vega | LISA Pathfinder,StatusActive,Success
MHI,"LA-Y1, Tanegashima Space Center, Japan","Tue Nov 24, 2015 06:50 UTC",H-IIA 204 | Telstar 12 Vantage,StatusActive,Success
Blue Origin,"Blue Origin Launch Site, West Texas, Texas, USA","Mon Nov 23, 2015",New Shepard | NS-2,StatusActive,Success
Arianespace,"ELA-3, Guiana Space Centre, French Guiana, France","Tue Nov 10, 2015 21:34 UTC","Ariane 5 ECA | Arabsat 6B, GSAT-15",StatusActive,Success
Sandia,"LP-41, Kauai, Pacific Missile Range Facility","Wed Nov 04, 2015","Super Stripy | HiakaSat, STACEM & Others",StatusActive,Failure
ULA,"SLC-41, Cape Canaveral AFS, Florida, USA","Sat Oct 31, 2015 16:13 UTC",Atlas V 401 | GPS IIF-11,StatusActive,Success
ULA,"SLC-3E, Vandenberg AFB, California, USA","Thu Oct 08, 2015 12:49 UTC",Atlas V 401 | NROL-55,StatusActive,Success
ULA,"SLC-41, Cape Canaveral AFS, Florida, USA","Fri Oct 02, 2015 10:28 UTC",Atlas V 421 | Morelos-3,StatusActive,Success
Arianespace,"ELA-3, Guiana Space Centre, French Guiana, France","Wed Sep 30, 2015 20:30 UTC","Ariane 5 ECA | NBN Co 1A, ARSAT-2",StatusActive,Success
ISRO,"First Launch Pad, Satish Dhawan Space Centre, India","Mon Sep 28, 2015 04:30 UTC",PSLV-XL | Astrosat & Rideshares,StatusActive,Success
CASC,"Site 95, Jiuquan Satellite Launch Center, China","Fri Sep 25, 2015",Long March 11 | Pujian 1 & Others,StatusActive,Success
VKS RF,"Site 133/3, Plesetsk Cosmodrome, Russia","Wed Sep 23, 2015 21:59 UTC",Rokot/Briz KM | Cosmos 2507 to 2509,StatusRetired,Success
CASC,"LC-16, Taiyuan Satellite Launch Center, China","Sat Sep 19, 2015 23:01 UTC",Long March 6 | Demo Flight,StatusActive,Success
Arianespace,"ELS, Guiana Space Centre, French Guiana, France","Fri Sep 11, 2015 02:08 UTC",Soyuz ST-B/Fregat-MT | Galileo FOC FM05-FM06,StatusActive,Success
ULA,"SLC-41, Cape Canaveral AFS, Florida, USA","Wed Sep 02, 2015 10:18 UTC",Atlas V 551 | MUOS-4,StatusActive,Success
ISRO,"Second Launch Pad, Satish Dhawan Space Centre, India","Thu Aug 27, 2015 11:22 UTC",GSLV Mk II | GSAT-6,StatusActive,Success
Arianespace,"ELA-3, Guiana Space Centre, French Guiana, France","Thu Aug 20, 2015 20:34 UTC","Ariane 5 ECA | Eutelsat 8 West B, Intelsat 34",StatusActive,Success
MHI,"LA-Y2, Tanegashima Space Center, Japan","Wed Aug 19, 2015 11:50 UTC",H-IIB | HTV-5,StatusRetired,Success
ULA,"SLC-37B, Cape Canaveral AFS, Florida, USA","Fri Jul 24, 2015 00:07 UTC","Delta IV Medium+ (5,4) | WGS-7",StatusRetired,Success
Arianespace,"ELA-3, Guiana Space Centre, French Guiana, France","Wed Jul 15, 2015 21:42 UTC","Ariane 5 ECA | Star One C4, MSG-4",StatusActive,Success
ULA,"SLC-41, Cape Canaveral AFS, Florida, USA","Wed Jul 15, 2015 15:36 UTC",Atlas V 401 | GPS IIF-10,StatusActive,Success
ISRO,"First Launch Pad, Satish Dhawan Space Centre, India","Fri Jul 10, 2015 16:28 UTC",PSLV-XL | UK-DMC3A/B/C & Rideshares,StatusActive,Success
SpaceX,"SLC-40, Cape Canaveral AFS, Florida, USA","Sun Jun 28, 2015 14:21 UTC",Falcon 9 v1.1 | CRS-7,StatusRetired,Failure
Arianespace,"ELV-1 (SLV), Guiana Space Centre, French Guiana, France","Tue Jun 23, 2015 01:51 UTC",Vega | Sentinel-2A,StatusActive,Success
Arianespace,"ELA-3, Guiana Space Centre, French Guiana, France","Wed May 27, 2015 21:16 UTC","Ariane 5 ECA | DirecTV-15, Sky Mexico 1",StatusActive,Success
ULA,"SLC-41, Cape Canaveral AFS, Florida, USA","Wed May 20, 2015 15:05 UTC",Atlas V 501 | OTV-4,StatusActive,Success
Blue Origin,"Blue Origin Launch Site, West Texas, Texas, USA","Wed Apr 29, 2015",New Shepard | NS-1,StatusActive,Success
SpaceX,"SLC-40, Cape Canaveral AFS, Florida, USA","Mon Apr 27, 2015 23:03 UTC",Falcon 9 v1.1 | Turkmen??lem52E/MonacoSat,StatusRetired,Success
Arianespace,"ELA-3, Guiana Space Centre, French Guiana, France","Sun Apr 26, 2015 20:00 UTC","Ariane 5 ECA | Thor 7, SICRAL-2",StatusActive,Success
SpaceX,"SLC-40, Cape Canaveral AFS, Florida, USA","Wed Apr 15, 2015 20:10 UTC",Falcon 9 v1.1 | CRS-6,StatusRetired,Success
VKS RF,"Site 133/3, Plesetsk Cosmodrome, Russia","Tue Mar 31, 2015 13:47 UTC",Rokot/Briz KM | Cosmos 2504 & Goniets-M 21 to 23,StatusRetired,Success
ISRO,"Second Launch Pad, Satish Dhawan Space Centre, India","Sat Mar 28, 2015 11:49 UTC",PSLV-XL | IRNSS-1D,StatusActive,Success
Arianespace,"ELS, Guiana Space Centre, French Guiana, France","Fri Mar 27, 2015 21:46 UTC",Soyuz ST-B/Fregat-MT | Galileo FOC FM03-FM04,StatusActive,Success
MHI,"LA-Y1, Tanegashima Space Center, Japan","Thu Mar 26, 2015 01:21 UTC",H-IIA 202 | IGS-Optical 5,StatusActive,Success
Kosmotras,"Site 370/13, Yasny Cosmodrome, Russia","Wed Mar 25, 2015 22:08 UTC",Dnepr | KompSat-3A,StatusRetired,Success
ULA,"SLC-37B, Cape Canaveral AFS, Florida, USA","Wed Mar 25, 2015 18:36 UTC","Delta IV Medium+ (4,2) | GPS IIF-9",StatusRetired,Success
ULA,"SLC-41, Cape Canaveral AFS, Florida, USA","Fri Mar 13, 2015 02:44 UTC",Atlas V 421 | MMS,StatusActive,Success
SpaceX,"SLC-40, Cape Canaveral AFS, Florida, USA","Mon Mar 02, 2015 03:50 UTC",Falcon 9 v1.1 | ABS-3A & EUTELSAT 115 West B,StatusRetired,Success
ISA,"Imam Khomeini Spaceport, Semnan Space Center, Iran","Tue Feb 17, 2015",Safir-1B+ | Unknown Payload,StatusActive,Failure
SpaceX,"SLC-40, Cape Canaveral AFS, Florida, USA","Wed Feb 11, 2015 23:03 UTC",Falcon 9 v1.1 | DSCOVR,StatusRetired,Success
Arianespace,"ELV-1 (SLV), Guiana Space Centre, French Guiana, France","Wed Feb 11, 2015 13:40 UTC",Vega | IXV,StatusActive,Success
ISA,"Imam Khomeini Spaceport, Semnan Space Center, Iran","Mon Feb 02, 2015",Safir-1B+ | Fajr,StatusActive,Success
MHI,"LA-Y1, Tanegashima Space Center, Japan","Sun Feb 01, 2015 01:21 UTC",H-IIA 202 | IGS-Radar 5,StatusActive,Success
ULA,"SLC-2W, Vandenberg AFB, California, USA","Sat Jan 31, 2015 14:22 UTC",Delta II 7320-10C | SMAP / ELaNa X,StatusRetired,Success
ULA,"SLC-41, Cape Canaveral AFS, Florida, USA","Wed Jan 21, 2015 01:04 UTC",Atlas V 551 | MUOS-3,StatusActive,Success
SpaceX,"SLC-40, Cape Canaveral AFS, Florida, USA","Sat Jan 10, 2015 09:47 UTC",Falcon 9 v1.1 | CRS-5,StatusRetired,Success
Khrunichev,"Site 35/1, Plesetsk Cosmodrome, Russia","Tue Dec 23, 2014 05:57 UTC",Angara A5/Briz-M | Demo Flight,StatusActive,Success
VKS RF,"Site 175/59, Baikonur Cosmodrome, Kazakhstan","Fri Dec 19, 2014 04:43 UTC",Strela | Kondor-E,StatusRetired,Success
Arianespace,"ELS, Guiana Space Centre, French Guiana, France","Thu Dec 18, 2014 18:37 UTC",Soyuz ST-B/Fregat-MT | O3b FM09-FM12,StatusActive,Success
ISRO,"Second Launch Pad, Satish Dhawan Space Centre, India","Thu Dec 18, 2014 04:00 UTC",GSLV Mk III | Demo Flight (CARE),StatusActive,Success
ULA,"SLC-3E, Vandenberg AFB, California, USA","Sat Dec 13, 2014 03:19 UTC",Atlas V 541 | NROL-35,StatusActive,Success
Arianespace,"ELA-3, Guiana Space Centre, French Guiana, France","Sat Dec 06, 2014 20:40 UTC","Ariane 5 ECA | DirecTV-14, GSAT-16",StatusActive,Success
ULA,"SLC-37B, Cape Canaveral AFS, Florida, USA","Fri Dec 05, 2014 12:05 UTC",Delta IV Heavy | EFT-1,StatusActive,Success
MHI,"LA-Y1, Tanegashima Space Center, Japan","Wed Dec 03, 2014 04:22 UTC",H-IIA 202 | Hayabusa 2 & Others,StatusActive,Success
CASIC,"Site 95, Jiuquan Satellite Launch Center, China","Fri Nov 21, 2014 06:37 UTC",Kuaizhou 1 | Kuaizhou 2,StatusRetired,Success
Kosmotras,"Site 370/13, Yasny Cosmodrome, Russia","Thu Nov 06, 2014 07:35 UTC",Dnepr | Sasuke & Others,StatusRetired,Success
ULA,"SLC-41, Cape Canaveral AFS, Florida, USA","Wed Oct 29, 2014 17:21 UTC",Atlas V 401 | GPS IIF-8,StatusActive,Success
Northrop,"LP-0A, Wallops Flight Facility, Virginia, USA","Tue Oct 28, 2014 22:22 UTC",Antares 130 | CRS Orb-3,StatusRetired,Failure
Arianespace,"ELA-3, Guiana Space Centre, French Guiana, France","Thu Oct 16, 2014 21:43 UTC","Ariane 5 ECA | Intelsat 30, ARSAT-1",StatusActive,Success
ISRO,"First Launch Pad, Satish Dhawan Space Centre, India","Thu Oct 16, 2014 20:02 UTC",PSLV-XL | IRNSS-1C,StatusActive,Success
MHI,"LA-Y1, Tanegashima Space Center, Japan","Tue Oct 07, 2014 05:16 UTC",H-IIA 202 | Himawari 8,StatusActive,Success
SpaceX,"SLC-40, Cape Canaveral AFS, Florida, USA","Sun Sep 21, 2014 05:52 UTC",Falcon 9 v1.1 | CRS-4,StatusRetired,Success
ULA,"SLC-41, Cape Canaveral AFS, Florida, USA","Wed Sep 17, 2014 00:10 UTC",Atlas V 401 | CLIO,StatusActive,Success
Arianespace,"ELA-3, Guiana Space Centre, French Guiana, France","Thu Sep 11, 2014 22:05 UTC","Ariane 5 ECA | MEASAT 3b, Optus 10",StatusActive,Success
SpaceX,"SLC-40, Cape Canaveral AFS, Florida, USA","Sun Sep 07, 2014 05:00 UTC",Falcon 9 v1.1 | AsiaSat 6,StatusRetired,Success
Arianespace,"ELS, Guiana Space Centre, French Guiana, France","Fri Aug 22, 2014 12:27 UTC",Soyuz ST-B/Fregat-MT | Galileo FOC FM01-FM02,StatusActive,Partial Failure
ULA,"SLC-3E, Vandenberg AFB, California, USA","Wed Aug 13, 2014 18:30 UTC",Atlas V 401 | WorldView 3,StatusActive,Success
SpaceX,"SLC-40, Cape Canaveral AFS, Florida, USA","Tue Aug 05, 2014 08:00 UTC",Falcon 9 v1.1 | AsiaSat 8,StatusRetired,Success
ULA,"SLC-41, Cape Canaveral AFS, Florida, USA","Sat Aug 02, 2014 03:23 UTC",Atlas V 401 | GPS IIF-7,StatusActive,Success
Arianespace,"ELA-3, Guiana Space Centre, French Guiana, France","Tue Jul 29, 2014 23:47 UTC",Ariane 5 ES | Georges Lema??tre ATV,StatusRetired,Success
ULA,"SLC-37B, Cape Canaveral AFS, Florida, USA","Mon Jul 28, 2014 23:28 UTC","Delta IV Medium+ (4,2) | AFSPC-4",StatusRetired,Success
SpaceX,"SLC-40, Cape Canaveral AFS, Florida, USA","Mon Jul 14, 2014 15:15 UTC",Falcon 9 v1.1 | OG2 Mission 1,StatusRetired,Success
Northrop,"LP-0A, Wallops Flight Facility, Virginia, USA","Sun Jul 13, 2014 16:52 UTC",Antares 120 | CRS Orb-2,StatusRetired,Success
Arianespace,"ELS, Guiana Space Centre, French Guiana, France","Thu Jul 10, 2014 18:55 UTC",Soyuz ST-B/Fregat-MT | O3b FM03/FM06-FM08,StatusActive,Success
VKS RF,"Site 35/1, Plesetsk Cosmodrome, Russia","Wed Jul 09, 2014 12:00 UTC",Angara 1.2 | Demo Flight,StatusActive,Success
VKS RF,"Site 133/3, Plesetsk Cosmodrome, Russia","Thu Jul 03, 2014 12:43 UTC",Rokot/Briz KM | Goniets-M 18 to 20,StatusRetired,Success
ULA,"SLC-2W, Vandenberg AFB, California, USA","Wed Jul 02, 2014 09:56 UTC",Delta II 7320-10C | OCO-2,StatusRetired,Success
ISRO,"First Launch Pad, Satish Dhawan Space Centre, India","Mon Jun 30, 2014 04:22 UTC",PSLV-CA | SPOT-7 & Rideshares,StatusActive,Success
Kosmotras,"Site 370/13, Yasny Cosmodrome, Russia","Thu Jun 19, 2014 19:11 UTC",Dnepr | Deimos 2,StatusRetired,Success
Sea Launch,"LP Odyssey, Kiritimati Launch Area, Pacific Ocean","Sat May 24, 2014 21:09 UTC",Zenit-3 SL | Eutelsat-3B,StatusActive,Success
MHI,"LA-Y1, Tanegashima Space Center, Japan","Sat May 24, 2014 03:05 UTC","H-IIA 202 | Daichi 2, SPROUT & Others",StatusActive,Success
VKS RF,"Site 133/3, Plesetsk Cosmodrome, Russia","Fri May 23, 2014 05:27 UTC",Rokot/Briz KM | Cosmos 2496 to 2499,StatusRetired,Success
ULA,"SLC-41, Cape Canaveral AFS, Florida, USA","Thu May 22, 2014 13:09 UTC",Atlas V 401 | NROL-33,StatusActive,Success
ULA,"SLC-37B, Cape Canaveral AFS, Florida, USA","Sat May 17, 2014 00:03 UTC","Delta IV Medium+ (4,2) | GPS IIF-6",StatusRetired,Success
Arianespace,"ELV-1 (SLV), Guiana Space Centre, French Guiana, France","Wed Apr 30, 2014 01:35 UTC",Vega | KazEOSat-1,StatusActive,Success
SpaceX,"SLC-40, Cape Canaveral AFS, Florida, USA","Fri Apr 18, 2014 19:25 UTC",Falcon 9 v1.1 | CRS-3,StatusRetired,Success
ULA,"SLC-41, Cape Canaveral AFS, Florida, USA","Thu Apr 10, 2014 17:45 UTC",Atlas V 541 | NROL-67,StatusActive,Success
IAI,"Pad 1, Palmachim Airbase, Israel","Wed Apr 09, 2014",Shavit-2 | Ofek-10,StatusActive,Success
ISRO,"First Launch Pad, Satish Dhawan Space Centre, India","Fri Apr 04, 2014 11:44 UTC",PSLV-XL | IRNSS-1B,StatusActive,Success
Arianespace,"ELS, Guiana Space Centre, French Guiana, France","Thu Apr 03, 2014 21:02 UTC",Soyuz ST-A/Fregat-M | Sentinel 1A,StatusActive,Success
ULA,"SLC-3E, Vandenberg AFB, California, USA","Thu Apr 03, 2014 14:46 UTC",Atlas V 401 | DMSP-5D3 F19,StatusActive,Success
Arianespace,"ELA-3, Guiana Space Centre, French Guiana, France","Sat Mar 22, 2014 22:04 UTC","Ariane 5 ECA | Astra 5B, Amazonas 4A",StatusActive,Success
MHI,"LA-Y1, Tanegashima Space Center, Japan","Thu Feb 27, 2014 18:37 UTC",H-IIA 202 | GPM-Core & Others,StatusActive,Success
ULA,"SLC-37B, Cape Canaveral AFS, Florida, USA","Fri Feb 21, 2014 01:59 UTC","Delta IV Medium+ (4,2) | GPS IIF-5",StatusRetired,Success
Arianespace,"ELA-3, Guiana Space Centre, French Guiana, France","Thu Feb 06, 2014 21:30 UTC","Ariane 5 ECA | ABS-2, Athena-Fidus",StatusActive,Success
ULA,"SLC-41, Cape Canaveral AFS, Florida, USA","Fri Jan 24, 2014 02:33 UTC",Atlas V 401 | TDRS-L,StatusActive,Success
Northrop,"LP-0A, Wallops Flight Facility, Virginia, USA","Thu Jan 09, 2014 18:07 UTC",Antares 120 | CRS Orb-1,StatusRetired,Success
SpaceX,"SLC-40, Cape Canaveral AFS, Florida, USA","Mon Jan 06, 2014 22:06 UTC",Falcon 9 v1.1 | Thaicom 6,StatusRetired,Success
ISRO,"Second Launch Pad, Satish Dhawan Space Centre, India","Sun Jan 05, 2014 10:48 UTC",GSLV Mk II | GSAT-14,StatusActive,Success
VKS RF,"Site 43/4, Plesetsk Cosmodrome, Russia","Sat Dec 28, 2013 12:30 UTC",Soyuz 2.1v/Volga | Cosmos 2492 and 2493 & AIST-1 1,StatusActive,Success
VKS RF,"Site 133/3, Plesetsk Cosmodrome, Russia","Wed Dec 25, 2013 00:31 UTC",Rokot/Briz KM | Cosmos 2488 to 2491,StatusRetired,Success
Arianespace,"ELS, Guiana Space Centre, French Guiana, France","Thu Dec 19, 2013 09:12 UTC",Soyuz ST-B/Fregat-MT | Gaia,StatusActive,Success
ULA,"SLC-3E, Vandenberg AFB, California, USA","Fri Dec 06, 2013 07:14 UTC",Atlas V 501 | NROL-39,StatusActive,Success
SpaceX,"SLC-40, Cape Canaveral AFS, Florida, USA","Tue Dec 03, 2013 22:41 UTC",Falcon 9 v1.1 | SES-8,StatusRetired,Success
VKS RF,"Site 133/3, Plesetsk Cosmodrome, Russia","Fri Nov 22, 2013 12:02 UTC",Rokot/Briz KM | SWARM,StatusRetired,Success
Kosmotras,"Site 370/13, Yasny Cosmodrome, Russia","Thu Nov 21, 2013 07:10 UTC",Dnepr | DubaiSat 2 & Others,StatusRetired,Success
Northrop,"LP-0B, Wallops Flight Facility, Virginia, USA","Wed Nov 20, 2013 01:15 UTC",Minotaur I | ORS-3,StatusActive,Success
ULA,"SLC-41, Cape Canaveral AFS, Florida, USA","Mon Nov 18, 2013 18:28 UTC",Atlas V 401 | MAVEN,StatusActive,Success
ISRO,"First Launch Pad, Satish Dhawan Space Centre, India","Tue Nov 05, 2013 09:08 UTC",PSLV-XL | Mars Orbiter Mission,StatusActive,Success
SpaceX,"SLC-4E, Vandenberg AFB, California, USA","Sun Sep 29, 2013 16:00 UTC",Falcon 9 v1.1 | CASSIOPE,StatusRetired,Success
CASIC,"Jiuquan Satellite Launch Center, China","Wed Sep 25, 2013 04:37 UTC",Kuaizhou 1 | Kuaizhou 1,StatusRetired,Success
ULA,"SLC-41, Cape Canaveral AFS, Florida, USA","Wed Sep 18, 2013 08:10 UTC",Atlas V 531 | AEHF-3,StatusActive,Success
JAXA,"Mu Pad, Uchinoura Space Center, Japan","Sat Sep 14, 2013 05:00 UTC",Epsilon Demo | SPRINT-A,StatusRetired,Success
Northrop,"LP-0A, Wallops Flight Facility, Virginia, USA","Fri Sep 13, 2013 14:58 UTC",Antares 110 | CRS Orb-D1,StatusRetired,Success
VKS RF,"Site 133/3, Plesetsk Cosmodrome, Russia","Wed Sep 11, 2013 23:23 UTC","Rokot/Briz KM | Goniets-M 14, 16 and 17",StatusRetired,Success
Northrop,"LP-0B, Wallops Flight Facility, Virginia, USA","Sat Sep 07, 2013 03:27 UTC",Minotaur V | LADEE,StatusActive,Success
Land Launch,"Site 45/1, Baikonur Cosmodrome, Kazakhstan","Sat Aug 31, 2013 20:05 UTC",Zenit-3 SLB | AMOS 4,StatusActive,Success
Arianespace,"ELA-3, Guiana Space Centre, French Guiana, France","Thu Aug 29, 2013 20:30 UTC","Ariane 5 ECA | Eutelsat 25B/Es'hail 1, GSAT-7",StatusActive,Success
ULA,"SLC-6, Vandenberg AFB, California, USA","Wed Aug 28, 2013 18:03 UTC",Delta IV Heavy | NROL-65,StatusActive,Success
Kosmotras,"Site 370/13, Yasny Cosmodrome, Russia","Thu Aug 22, 2013 14:39 UTC",Dnepr | KompSat-5,StatusRetired,Success
ULA,"SLC-37B, Cape Canaveral AFS, Florida, USA","Thu Aug 08, 2013 00:29 UTC","Delta IV Medium+ (5,4) | WGS-6",StatusRetired,Success
MHI,"LA-Y2, Tanegashima Space Center, Japan","Sat Aug 03, 2013 19:48 UTC",H-IIB | HTV-4,StatusRetired,Success
Arianespace,"ELA-3, Guiana Space Centre, French Guiana, France","Thu Jul 25, 2013 19:54 UTC","Ariane 5 ECA | Alphasat I-XL, INSAT-3D",StatusActive,Success
ULA,"SLC-41, Cape Canaveral AFS, Florida, USA","Fri Jul 19, 2013 13:00 UTC",Atlas V 551 | MUOS-2,StatusActive,Success
VKS RF,"Site 81/24, Baikonur Cosmodrome, Kazakhstan","Tue Jul 02, 2013 02:38 UTC","Proton-M/DM-3 | Cosmos 2488, 2489 & 2490",StatusActive,Failure
ISRO,"First Launch Pad, Satish Dhawan Space Centre, India","Mon Jul 01, 2013 18:11 UTC",PSLV-XL | IRNSS-1A,StatusActive,Success
Northrop,"Stargazer, Vandenberg AFB, California, USA","Fri Jun 28, 2013 02:27 UTC",Pegasus XL | IRIS,StatusActive,Success
VKS RF,"Site 175/59, Baikonur Cosmodrome, Kazakhstan","Thu Jun 27, 2013 16:53 UTC",Strela | Cosmos 2487,StatusRetired,Success
Arianespace,"ELS, Guiana Space Centre, French Guiana, France","Tue Jun 25, 2013 19:27 UTC",Soyuz ST-B/Fregat-MT | O3b FM01-FM02/FM04-FM05,StatusActive,Success
CASC,"Site 901 (SLS-1), Jiuquan Satellite Launch Center, China","Tue Jun 11, 2013 09:38 UTC",Long March 2F/G | Shenzhou 10,StatusActive,Success
Arianespace,"ELA-3, Guiana Space Centre, French Guiana, France","Wed Jun 05, 2013 21:52 UTC",Ariane 5 ES | Albert Einstein ATV,StatusRetired,Success
ULA,"SLC-37B, Cape Canaveral AFS, Florida, USA","Sat May 25, 2013 00:27 UTC","Delta IV Medium+ (5,4) | WGS-5",StatusRetired,Success
ULA,"SLC-41, Cape Canaveral AFS, Florida, USA","Wed May 15, 2013 21:38 UTC",Atlas V 401 | GPS IIF-4,StatusActive,Success
Arianespace,"ELV-1 (SLV), Guiana Space Centre, French Guiana, France","Tue May 07, 2013 02:06 UTC","Vega | Proba-V, VNREDSat-1A & ESTCube-1",StatusActive,Success
Northrop,"LP-0A, Wallops Flight Facility, Virginia, USA","Sun Apr 21, 2013 21:00 UTC",Antares 110 | Antares A-ONE,StatusRetired,Success
ULA,"SLC-41, Cape Canaveral AFS, Florida, USA","Tue Mar 19, 2013 21:21 UTC",Atlas V 401 | SBIRS GEO-2,StatusActive,Success
SpaceX,"SLC-40, Cape Canaveral AFS, Florida, USA","Fri Mar 01, 2013 15:10 UTC",Falcon 9 v1.0 | CRS-2,StatusRetired,Success
ISRO,"First Launch Pad, Satish Dhawan Space Centre, India","Mon Feb 25, 2013 12:31 UTC",PSLV-CA | SARAL & Rideshares,StatusActive,Success
ULA,"SLC-3E, Vandenberg AFB, California, USA","Mon Feb 11, 2013 18:02 UTC",Atlas V 401 | Landsat 8,StatusActive,Success
Arianespace,"ELA-3, Guiana Space Centre, French Guiana, France","Thu Feb 07, 2013 21:36 UTC","Ariane 5 ECA | Amazonas-3, Azerspace-1 (Africasat-1A)",StatusActive,Success
Sea Launch,"LP Odyssey, Kiritimati Launch Area, Pacific Ocean","Fri Feb 01, 2013 06:55 UTC",Zenit-3 SL | Intelsat-27,StatusActive,Failure
ULA,"SLC-41, Cape Canaveral AFS, Florida, USA","Thu Jan 31, 2013 01:48 UTC",Atlas V 401 | TDRS-K,StatusActive,Success
KARI,"LC-1, Naro Space Center, South Korea","Wed Jan 30, 2013 07:00 UTC",Naro-1 | STSAT-2C,StatusRetired,Success
MHI,"LA-Y1, Tanegashima Space Center, Japan","Sun Jan 27, 2013 04:40 UTC",H-IIA 202 | IGS-Optical 5V & IGS-Radar 4,StatusActive,Success
VKS RF,"Site 133/3, Plesetsk Cosmodrome, Russia","Tue Jan 15, 2013 16:24 UTC",Rokot/Briz KM | Cosmos 2482 to 2484,StatusRetired,Partial Failure
Arianespace,"ELA-3, Guiana Space Centre, French Guiana, France","Wed Dec 19, 2012 21:49 UTC","Ariane 5 ECA | Skynet 5D, Mexsat-3",StatusActive,Success
KCST,"Pad 1, Sohae Satellite Launching Station, North Korea","Wed Dec 12, 2012 00:49 UTC",Unha-3 | Kwangmyngsng-3 (Unit 2),StatusActive,Success
ULA,"SLC-41, Cape Canaveral AFS, Florida, USA","Tue Dec 11, 2012 18:03 UTC",Atlas V 501 | OTV-3,StatusActive,Success
Sea Launch,"LP Odyssey, Kiritimati Launch Area, Pacific Ocean","Mon Dec 03, 2012 20:43 UTC",Zenit-3 SL | Eutelsat-70B,StatusActive,Success
Arianespace,"ELS, Guiana Space Centre, French Guiana, France","Sun Dec 02, 2012 02:02 UTC",Soyuz ST-A/Fregat | Pl??iades 1B,StatusActive,Success
Arianespace,"ELA-3, Guiana Space Centre, French Guiana, France","Sat Nov 10, 2012 21:05 UTC","Ariane 5 ECA | Eutelsat 21B, Star One C3",StatusActive,Success
Arianespace,"ELS, Guiana Space Centre, French Guiana, France","Fri Oct 12, 2012 15:15 UTC",Soyuz ST-B/Fregat-MT | Galileo IOV FM03-FM04,StatusActive,Success
SpaceX,"SLC-40, Cape Canaveral AFS, Florida, USA","Mon Oct 08, 2012 00:35 UTC",Falcon 9 v1.0 | CRS-1,StatusRetired,Partial Failure
ULA,"SLC-37B, Cape Canaveral AFS, Florida, USA","Thu Oct 04, 2012 12:10 UTC","Delta IV Medium+ (4,2) | GPS IIF-3",StatusRetired,Success
Arianespace,"ELA-3, Guiana Space Centre, French Guiana, France","Fri Sep 28, 2012 21:18 UTC","Ariane 5 ECA | Astra 2F, GSAT-10",StatusActive,Success
ISA,"Imam Khomeini Spaceport, Semnan Space Center, Iran","Sat Sep 22, 2012",Safir-1B+ | Unknown Payload,StatusActive,Failure
ULA,"SLC-3E, Vandenberg AFB, California, USA","Thu Sep 13, 2012 21:39 UTC",Atlas V 401 | NROL-36,StatusActive,Success
ISRO,"First Launch Pad, Satish Dhawan Space Centre, India","Sun Sep 09, 2012 04:23 UTC",PSLV-CA | SPOT-6 & mRESINS & PROITERES,StatusActive,Success
ULA,"SLC-41, Cape Canaveral AFS, Florida, USA","Thu Aug 30, 2012 08:05 UTC",Atlas V 401 | Van Allen Probes (RBSP),StatusActive,Success
Sea Launch,"LP Odyssey, Kiritimati Launch Area, Pacific Ocean","Sun Aug 19, 2012 06:54 UTC",Zenit-3 SL | Intelsat-21,StatusActive,Success
Arianespace,"ELA-3, Guiana Space Centre, French Guiana, France","Thu Aug 02, 2012 20:54 UTC","Ariane 5 ECA | Intelsat 20, HYLAS 2",StatusActive,Success
VKS RF,"Site 133/3, Plesetsk Cosmodrome, Russia","Sat Jul 28, 2012 01:35 UTC",Rokot/Briz KM | Cosmos 2481 & Goniets-M 13 and 15,StatusRetired,Success
MHI,"LA-Y2, Tanegashima Space Center, Japan","Sat Jul 21, 2012 02:06 UTC",H-IIB | HTV-3,StatusRetired,Success
Arianespace,"ELA-3, Guiana Space Centre, French Guiana, France","Thu Jul 05, 2012 21:36 UTC","Ariane 5 ECA | EchoStar XVII, MSG-3",StatusActive,Success
ULA,"SLC-37B, Cape Canaveral AFS, Florida, USA","Fri Jun 29, 2012 13:15 UTC",Delta IV Heavy | NROL-15,StatusActive,Success
ULA,"SLC-41, Cape Canaveral AFS, Florida, USA","Wed Jun 20, 2012 12:28 UTC",Atlas V 401 | NROL-38,StatusActive,Success
CASC,"Site 901 (SLS-1), Jiuquan Satellite Launch Center, China","Sat Jun 16, 2012 10:37 UTC",Long March 2F/G | Shenzhou 9,StatusActive,Success
Northrop,"Stargazer, Ronald Reagan Ballistic Missile Defense Test Site, Marshall Islands, USA","Wed Jun 13, 2012 16:00 UTC",Pegasus XL | NuSTAR,StatusActive,Success
Sea Launch,"LP Odyssey, Kiritimati Launch Area, Pacific Ocean","Fri Jun 01, 2012 05:22 UTC",Zenit-3 SL | Intelsat-19,StatusActive,Success
ISA,"Imam Khomeini Spaceport, Semnan Space Center, Iran","Wed May 23, 2012",Safir-1B+ | Unknown Payload,StatusActive,Failure
SpaceX,"SLC-40, Cape Canaveral AFS, Florida, USA","Tue May 22, 2012 07:44 UTC",Falcon 9 v1.0 | COTS-2+,StatusRetired,Success
MHI,"LA-Y1, Tanegashima Space Center, Japan","Thu May 17, 2012 16:39 UTC","H-IIA 202 | Shizuku, KOMPSAT 3 & Others",StatusActive,Success
Arianespace,"ELA-3, Guiana Space Centre, French Guiana, France","Tue May 15, 2012 22:13 UTC","Ariane 5 ECA | JCSAT-13, Vinasat-2",StatusActive,Success
ULA,"SLC-41, Cape Canaveral AFS, Florida, USA","Fri May 04, 2012 18:42 UTC",Atlas V 531 | AEHF-2,StatusActive,Success
ISRO,"First Launch Pad, Satish Dhawan Space Centre, India","Thu Apr 26, 2012 00:17 UTC",PSLV-XL | RISAT-1,StatusActive,Success
ISRO,"First Launch Pad, Satish Dhawan Space Centre, India","Thu Apr 26, 2012",PSLV-XL | PSLV- C19 RISAT-1,StatusActive,Success
KCST,"Pad 1, Sohae Satellite Launching Station, North Korea","Thu Apr 12, 2012 22:38 UTC",Unha-3 | Kwangmyngsng-3,StatusActive,Failure
ULA,"SLC-6, Vandenberg AFB, California, USA","Tue Apr 03, 2012 23:12 UTC","Delta IV Medium+ (5,2) | NROL-25",StatusRetired,Success
Arianespace,"ELA-3, Guiana Space Centre, French Guiana, France","Fri Mar 23, 2012 04:34 UTC",Ariane 5 ES | Edoardo Amaldi ATV,StatusRetired,Success
ULA,"SLC-41, Cape Canaveral AFS, Florida, USA","Fri Feb 24, 2012 22:15 UTC",Atlas V 551 | MUOS-1,StatusActive,Success
ESA,"ELV-1 (SLV), Guiana Space Centre, French Guiana, France","Mon Feb 13, 2012 10:00 UTC","Vega | Lares, AlmaSat-1 & 7 cubesats",StatusActive,Success
ISA,"Imam Khomeini Spaceport, Semnan Space Center, Iran","Fri Feb 03, 2012",Safir-1B | Navid,StatusRetired,Success
ULA,"SLC-37B, Cape Canaveral AFS, Florida, USA","Fri Jan 20, 2012 00:38 UTC","Delta IV Medium+ (5,4) | WGS-4",StatusRetired,Success
Arianespace,"ELS, Guiana Space Centre, French Guiana, France","Sat Dec 17, 2011 02:03 UTC","Soyuz ST-A/Fregat | Pl??iades 1A, SSOT, Elisa",StatusActive,Success
MHI,"LA-Y1, Tanegashima Space Center, Japan","Mon Dec 12, 2011 01:21 UTC",H-IIA 202 | IGS-Radar 3,StatusActive,Success
ULA,"SLC-41, Cape Canaveral AFS, Florida, USA","Sat Nov 26, 2011 15:02 UTC",Atlas V 541 | Mars Science Laboratory,StatusActive,Success
Roscosmos,"Site 45/1, Baikonur Cosmodrome, Kazakhstan","Tue Nov 08, 2011 20:16 UTC",Zenit-2 FG | Fobos-Grunt & Yinghuo 1,StatusActive,Success
CASC,"Site 901 (SLS-1), Jiuquan Satellite Launch Center, China","Mon Oct 31, 2011 21:58 UTC",Long March 2F/G | Shenzhou 8,StatusActive,Success
ULA,"SLC-2W, Vandenberg AFB, California, USA","Fri Oct 28, 2011 09:48 UTC",Delta II 7920-10C | Suomi NPP / ELaNa III,StatusRetired,Success
Arianespace,"ELS, Guiana Space Centre, French Guiana, France","Fri Oct 21, 2011 07:30 UTC",Soyuz ST-B/Fregat-MT | Galileo IOV FM01-FM02,StatusActive,Success
ISRO,"First Launch Pad, Satish Dhawan Space Centre, India","Wed Oct 12, 2011 05:31 UTC",PSLV-CA | Megha-Tropiques & Rideshares,StatusActive,Success
Land Launch,"Site 45/1, Baikonur Cosmodrome, Kazakhstan","Wed Oct 05, 2011 21:00 UTC",Zenit-3 SLB | Intelsat 18,StatusActive,Success
CASC,"Site 901 (SLS-1), Jiuquan Satellite Launch Center, China","Thu Sep 29, 2011 21:16 UTC",Long March 2F/T | Tiangong-1,StatusActive,Success
Northrop,"LP-1, Pacific Spaceport Complex, Alaska, USA","Tue Sep 27, 2011 15:49 UTC",Minotaur IV | TacSat-4,StatusActive,Success
Sea Launch,"LP Odyssey, Kiritimati Launch Area, Pacific Ocean","Sat Sep 24, 2011 20:17 UTC",Zenit-3 SL | Atlantic Bird 7,StatusActive,Success
MHI,"LA-Y1, Tanegashima Space Center, Japan","Fri Sep 23, 2011 04:36 UTC",H-IIA 202 | IGS-Optical 4,StatusActive,Success
Arianespace,"ELA-3, Guiana Space Centre, French Guiana, France","Wed Sep 21, 2011 21:38 UTC","Ariane 5 ECA | Arabsat-5C, SES-2",StatusActive,Success
MHI,"LA-Y1, Tanegashima Space Center, Japan","Sun Sep 11, 2011 11:17 UTC",H-IIA 202 | Michibiki 1,StatusActive,Success
ULA,"SLC-17B, Cape Canaveral AFS, Florida, USA","Sat Sep 10, 2011 13:08 UTC",Delta II 7920H-10C | GRAIL,StatusRetired,Success
Kosmotras,"Site 370/13, Yasny Cosmodrome, Russia","Wed Aug 17, 2011 07:12 UTC",Dnepr | Sich 2 & Others,StatusRetired,Success
Arianespace,"ELA-3, Guiana Space Centre, French Guiana, France","Sat Aug 06, 2011 22:52 UTC","Ariane 5 ECA | Astra 1N, BSAT-3C (JCSAT-110R)",StatusActive,Success
ULA,"SLC-41, Cape Canaveral AFS, Florida, USA","Fri Aug 05, 2011 16:25 UTC",Atlas V 551 | Juno,StatusActive,Success
Roscosmos,"Site 45/1, Baikonur Cosmodrome, Kazakhstan","Mon Jul 18, 2011 02:31 UTC",Zenit-3 SLBF | Spektr-R,StatusActive,Success
ULA,"SLC-37B, Cape Canaveral AFS, Florida, USA","Sat Jul 16, 2011 06:41 UTC","Delta IV Medium+ (4,2) | GPS IIF-2",StatusRetired,Success
ISRO,"Second Launch Pad, Satish Dhawan Space Centre, India","Fri Jul 15, 2011 11:18 UTC",PSLV-XL | GSAT-12,StatusActive,Success
NASA,"LC-39A, Kennedy Space Center, Florida, USA","Fri Jul 08, 2011 15:29 UTC",Space Shuttle Atlantis | STS-135,StatusRetired,Success
Northrop,"LP-0B, Wallops Flight Facility, Virginia, USA","Thu Jun 30, 2011 03:09 UTC",Minotaur I | ORS-1,StatusActive,Success
ISA,"Imam Khomeini Spaceport, Semnan Space Center, Iran","Wed Jun 15, 2011",Safir-1A | Rasad 1,StatusRetired,Success
ULA,"SLC-2W, Vandenberg AFB, California, USA","Fri Jun 10, 2011 14:20 UTC",Delta II 7320-10C | SAC-D,StatusRetired,Success
Arianespace,"ELA-3, Guiana Space Centre, French Guiana, France","Fri May 20, 2011 20:38 UTC","Ariane 5 ECA | ST-2, GSAT-8",StatusActive,Success
NASA,"LC-39A, Kennedy Space Center, Florida, USA","Mon May 16, 2011 12:56 UTC",Space Shuttle Endeavour | STS-134,StatusRetired,Success
ULA,"SLC-41, Cape Canaveral AFS, Florida, USA","Sat May 07, 2011 18:10 UTC",Atlas V 401 | SBIRS GEO-1,StatusActive,Success
Arianespace,"ELA-3, Guiana Space Centre, French Guiana, France","Fri Apr 22, 2011 21:37 UTC","Ariane 5 ECA | Yahsat 1A, Intelsat 28 (New Dawn)",StatusActive,Success
ISRO,"First Launch Pad, Satish Dhawan Space Centre, India","Wed Apr 20, 2011 04:42 UTC",PSLV-G | ResourceSat-2 & X-Sat & YouthSat,StatusRetired,Success
ULA,"SLC-3E, Vandenberg AFB, California, USA","Fri Apr 15, 2011 04:24 UTC",Atlas V 411 | NROL-34,StatusActive,Success
ULA,"SLC-37B, Cape Canaveral AFS, Florida, USA","Fri Mar 11, 2011 22:38 UTC","Delta IV Medium+ (4,2) | NROL-27",StatusRetired,Success
ULA,"SLC-41, Cape Canaveral AFS, Florida, USA","Sat Mar 05, 2011 22:46 UTC",Atlas V 501 | OTV-2,StatusActive,Success
Northrop,"SLC-576E, Vandenberg AFB, California, USA","Fri Mar 04, 2011 10:09 UTC","Minotaur C (Taurus) | Glory, KySat-1, Hermes, and Explorer-1 [PRIME]",StatusActive,Failure
NASA,"LC-39A, Kennedy Space Center, Florida, USA","Thu Feb 24, 2011 21:53 UTC",Space Shuttle Discovery | STS-133,StatusRetired,Success
Arianespace,"ELA-3, Guiana Space Centre, French Guiana, France","Tue Feb 15, 2011 22:13 UTC",Ariane 5 ES | Johannes Kepler ATV,StatusRetired,Success
Northrop,"SLC-8, Vandenberg AFB, California, USA","Sun Feb 06, 2011 12:26 UTC",Minotaur I | NROL-66,StatusActive,Success
VKS RF,"Site 133/3, Plesetsk Cosmodrome, Russia","Tue Feb 01, 2011 14:00 UTC",Rokot/Briz KM | Cosmos 2470,StatusRetired,Partial Failure
MHI,"LA-Y2, Tanegashima Space Center, Japan","Sat Jan 22, 2011 05:37 UTC",H-IIB | HTV-2,StatusRetired,Success
ULA,"SLC-6, Vandenberg AFB, California, USA","Thu Jan 20, 2011 21:10 UTC",Delta IV Heavy | NROL-49,StatusActive,Success
Roscosmos,"Site 45/1, Baikonur Cosmodrome, Kazakhstan","Thu Jan 20, 2011 12:29 UTC",Zenit-3 SLBF | Elektro-L n†­1,StatusActive,Success
Arianespace,"ELA-3, Guiana Space Centre, French Guiana, France","Wed Dec 29, 2010 21:27 UTC","Ariane 5 ECA | Koreasat 6, Hispasat-1E",StatusActive,Success
ISRO,"Second Launch Pad, Satish Dhawan Space Centre, India","Sat Dec 25, 2010 10:34 UTC",GSLV Mk I | GSAT-5P,StatusRetired,Failure
SpaceX,"SLC-40, Cape Canaveral AFS, Florida, USA","Wed Dec 08, 2010 15:43 UTC",Falcon 9 v1.0 | COTS-1,StatusRetired,Success
Arianespace,"ELA-3, Guiana Space Centre, French Guiana, France","Fri Nov 26, 2010 18:39 UTC","Ariane 5 ECA | Intelsat 17, HYLAS-1",StatusActive,Success
ULA,"SLC-37B, Cape Canaveral AFS, Florida, USA","Sun Nov 21, 2010 22:58 UTC",Delta IV Heavy | NROL-32,StatusActive,Success
Northrop,"LP-1, Pacific Spaceport Complex, Alaska, USA","Sat Nov 20, 2010 01:25 UTC",Minotaur IV | STP-S26,StatusActive,Success
ULA,"SLC-2W, Vandenberg AFB, California, USA","Sat Nov 06, 2010 02:20 UTC",Delta II 7420-10C | COSMO-4,StatusRetired,Success
Arianespace,"ELA-3, Guiana Space Centre, French Guiana, France","Thu Oct 28, 2010 23:51 UTC","Ariane 5 ECA | Eutelsat W3B, BSAT-3B",StatusActive,Success
VKS RF,"Site 16/2, Plesetsk Cosmodrome, Russia","Thu Sep 30, 2010 17:01 UTC",Molniya-M /Block 2BL | Cosmos 2469,StatusRetired,Success
Northrop,"SLC-8, Vandenberg AFB, California, USA","Sun Sep 26, 2010 04:41 UTC",Minotaur IV | SBSS,StatusActive,Success
ULA,"SLC-3E, Vandenberg AFB, California, USA","Tue Sep 21, 2010 04:03 UTC",Atlas V 501 | NROL-41,StatusActive,Success
VKS RF,"Site 133/3, Plesetsk Cosmodrome, Russia","Wed Sep 08, 2010 03:30 UTC","Rokot/Briz KM | Cosmos 2467, 2468 and Goniets-M 12",StatusRetired,Success
ULA,"SLC-41, Cape Canaveral AFS, Florida, USA","Sat Aug 14, 2010 11:07 UTC",Atlas V 531 | AEHF-1,StatusActive,Success
Arianespace,"ELA-3, Guiana Space Centre, French Guiana, France","Wed Aug 04, 2010 20:45 UTC","Ariane 5 ECA | Nilesat-201, Rascom-QAF 1R",StatusActive,Success
ISRO,"First Launch Pad, Satish Dhawan Space Centre, India","Mon Jul 12, 2010 03:52 UTC",PSLV-CA | Cartosat-2B & Rideshares,StatusActive,Success
Arianespace,"ELA-3, Guiana Space Centre, French Guiana, France","Sat Jun 26, 2010 21:41 UTC","Ariane 5 ECA | Arabsat-5A, COMS-1",StatusActive,Success
IAI,"Pad 1, Palmachim Airbase, Israel","Tue Jun 22, 2010",Shavit-2 | Ofek-9,StatusActive,Success
Kosmotras,"Site 109/95, Baikonur Cosmodrome, Kazakhstan","Mon Jun 21, 2010 02:14 UTC",Dnepr | TanDEM-X,StatusRetired,Success
Kosmotras,"Site 370/13, Yasny Cosmodrome, Russia","Tue Jun 15, 2010 14:42 UTC",Dnepr | Picard & Others,StatusRetired,Success
KARI,"LC-1, Naro Space Center, South Korea","Thu Jun 10, 2010 08:01 UTC",Naro-1 | STSAT-2B,StatusRetired,Failure
SpaceX,"SLC-40, Cape Canaveral AFS, Florida, USA","Fri Jun 04, 2010 18:45 UTC",Falcon 9 v1.0 | Flight 1,StatusRetired,Success
Eurockot,"Site 133/3, Plesetsk Cosmodrome, Russia","Wed Jun 02, 2010 01:59 UTC",Rokot/Briz KM | SERVIS-2,StatusRetired,Success
ULA,"SLC-37B, Cape Canaveral AFS, Florida, USA","Fri May 28, 2010 03:00 UTC","Delta IV Medium+ (4,2) | GPS IIF-1",StatusRetired,Success
Arianespace,"ELA-3, Guiana Space Centre, French Guiana, France","Fri May 21, 2010 22:01 UTC",Ariane 5 ECA | Astra 3B  & COMSATBw-2,StatusActive,Success
NASA,"LC-39A, Kennedy Space Center, Florida, USA","Fri May 14, 2010 18:20 UTC",Space Shuttle Atlantis | STS-132,StatusRetired,Success
MHI,"LA-Y1, Tanegashima Space Center, Japan","Mon May 10, 2010 21:58 UTC","H-IIA 202 | Akatsuki, IKAROS & Others",StatusActive,Success
Roscosmos,"Site 1/5, Baikonur Cosmodrome, Kazakhstan","Wed Apr 28, 2010 17:15 UTC",Soyuz U | Progress M-05M,StatusRetired,Success
VKS RF,"Site 132/1, Plesetsk Cosmodrome, Russia","Tue Apr 27, 2010 01:05 UTC",Cosmos-3M (11K65M) | Cosmos 2463,StatusRetired,Success
ULA,"SLC-41, Cape Canaveral AFS, Florida, USA","Thu Apr 22, 2010 23:52 UTC",Atlas V 501 | OTV-1,StatusActive,Success
ISRO,"Second Launch Pad, Satish Dhawan Space Centre, India","Thu Apr 15, 2010 10:57 UTC",GSLV Mk II | GSAT-4,StatusActive,Failure
Kosmotras,"Site 109/95, Baikonur Cosmodrome, Kazakhstan","Thu Apr 08, 2010 13:57 UTC",Dnepr | CryoSat-2,StatusRetired,Success
NASA,"LC-39A, Kennedy Space Center, Florida, USA","Mon Apr 05, 2010 10:21 UTC",Space Shuttle Discovery | STS-131,StatusRetired,Success
Roscosmos,"Site 1/5, Baikonur Cosmodrome, Kazakhstan","Fri Apr 02, 2010 04:04 UTC",Soyuz FG | Soyuz TMA-18,StatusRetired,Success
ULA,"SLC-37B, Cape Canaveral AFS, Florida, USA","Thu Mar 04, 2010 23:57 UTC","Delta IV Medium+ (4,2) | GOES 15",StatusRetired,Success
ULA,"SLC-41, Cape Canaveral AFS, Florida, USA","Thu Feb 11, 2010 15:23 UTC",Atlas V 401 | SDO,StatusActive,Success
NASA,"LC-39A, Kennedy Space Center, Florida, USA","Mon Feb 08, 2010 09:14 UTC",Space Shuttle Endeavour | STS-130,StatusRetired,Success
Roscosmos,"Site 1/5, Baikonur Cosmodrome, Kazakhstan","Wed Feb 03, 2010 03:45 UTC",Soyuz U | Soyuz-U,StatusRetired,Success
Arianespace,"ELA-3, Guiana Space Centre, French Guiana, France","Fri Dec 18, 2009 16:26 UTC",Ariane 5 GS | Helios 2B,StatusRetired,Success
ULA,"SLC-2W, Vandenberg AFB, California, USA","Mon Dec 14, 2009 14:09 UTC",Delta II 7320-10C | WISE,StatusRetired,Success
ULA,"SLC-37B, Cape Canaveral AFS, Florida, USA","Sun Dec 06, 2009 01:47 UTC","Delta IV Medium+ (5,4) | WGS-3",StatusRetired,Success
Land Launch,"Site 45/1, Baikonur Cosmodrome, Kazakhstan","Mon Nov 30, 2009 21:00 UTC",Zenit-3 SLB | Intelsat 15,StatusActive,Success
MHI,"LA-Y1, Tanegashima Space Center, Japan","Sat Nov 28, 2009 01:21 UTC",H-IIA 202 | IGS-Optical 3,StatusActive,Success
ULA,"SLC-41, Cape Canaveral AFS, Florida, USA","Mon Nov 23, 2009 06:55 UTC",Atlas V 431 | Intersat 14,StatusActive,Success
NASA,"LC-39A, Kennedy Space Center, Florida, USA","Mon Nov 16, 2009 19:28 UTC",Space Shuttle Atlantis | STS-129,StatusRetired,Success
Eurockot,"Site 133/3, Plesetsk Cosmodrome, Russia","Mon Nov 02, 2009 01:50 UTC",Rokot/Briz KM | SMOS and Proba-2,StatusRetired,Success
Arianespace,"ELA-3, Guiana Space Centre, French Guiana, France","Thu Oct 29, 2009 20:00 UTC",Ariane 5 ECA | NSS-12 & Thor-6,StatusActive,Success
NASA,"LC-39B, Kennedy Space Center, Florida, USA","Wed Oct 28, 2009 15:30 UTC",Ares 1-X | Ares 1-X Test Flight,StatusRetired,Success
ULA,"SLC-3E, Vandenberg AFB, California, USA","Sun Oct 18, 2009 16:12 UTC",Atlas V 401 | DMSP-5D3-F18,StatusActive,Success
ULA,"SLC-2W, Vandenberg AFB, California, USA","Thu Oct 08, 2009 18:51 UTC",Delta II 7920-10C | WorldView-2,StatusRetired,Success
Arianespace,"ELA-3, Guiana Space Centre, French Guiana, France","Thu Oct 01, 2009 21:59 UTC",Ariane 5 ECA | Amazonas 2 & COMSATBw-1,StatusActive,Success
ULA,"SLC-17B, Cape Canaveral AFS, Florida, USA","Fri Sep 25, 2009 12:20 UTC",Delta II 7920-10C | STSS Demo,StatusRetired,Success
ISRO,"First Launch Pad, Satish Dhawan Space Centre, India","Wed Sep 23, 2009 06:21 UTC",PSLV-CA | Oceansat-2 & Rideshares,StatusActive,Success
MHI,"LA-Y2, Tanegashima Space Center, Japan","Thu Sep 10, 2009 17:01 UTC",H-IIB | HTV-1,StatusRetired,Success
ULA,"SLC-41, Cape Canaveral AFS, Florida, USA","Tue Sep 08, 2009 21:35 UTC",Atlas V 401 | PAN,StatusActive,Success
NASA,"LC-39A, Kennedy Space Center, Florida, USA","Fri Aug 28, 2009 03:59 UTC",Space Shuttle Discovery | STS-128,StatusRetired,Success
KARI,"LC-1, Naro Space Center, South Korea","Tue Aug 25, 2009 08:00 UTC",Naro-1 | STSAT-2A,StatusRetired,Failure
Arianespace,"ELA-3, Guiana Space Centre, French Guiana, France","Fri Aug 21, 2009 22:09 UTC",Ariane 5 ECA | JCSAT-12 & Optus D3,StatusActive,Success
ULA,"SLC-17A, Cape Canaveral AFS, Florida, USA","Mon Aug 17, 2009 10:35 UTC",Delta II 7925 | GPS IIRM-8,StatusRetired,Success
Kosmotras,"Site 109/95, Baikonur Cosmodrome, Kazakhstan","Wed Jul 29, 2009 18:46 UTC",Dnepr | DubaiSat 1 & Others,StatusRetired,Success
VKS RF,"Site 132/1, Plesetsk Cosmodrome, Russia","Tue Jul 21, 2009 03:57 UTC",Cosmos-3M (11K65M) | Cosmos 2454,StatusRetired,Success
NASA,"LC-39A, Kennedy Space Center, Florida, USA","Wed Jul 15, 2009 22:03 UTC",Space Shuttle Endeavour | STS-127,StatusRetired,Success
SpaceX,"Omelek Island, Ronald Reagan Ballistic Missile Defense Test Site, Marshall Islands, USA","Tue Jul 14, 2009 03:35 UTC",Falcon 1 | RazakSat,StatusRetired,Success
VKS RF,"Site 133/3, Plesetsk Cosmodrome, Russia","Mon Jul 06, 2009 01:26 UTC",Rokot/Briz KM | Cosmos 2451 to 2453,StatusRetired,Success
Arianespace,"ELA-3, Guiana Space Centre, French Guiana, France","Wed Jul 01, 2009 19:52 UTC",Ariane 5 ECA | TerreStar-1,StatusActive,Success
ULA,"SLC-37B, Cape Canaveral AFS, Florida, USA","Sat Jun 27, 2009 22:51 UTC","Delta IV Medium+ (4,2) | GOES-O",StatusRetired,Success
Land Launch,"Site 45/1, Baikonur Cosmodrome, Kazakhstan","Sun Jun 21, 2009 21:50 UTC",Zenit-3 SLB | MEASAT 3a,StatusActive,Success
ULA,"SLC-41, Cape Canaveral AFS, Florida, USA","Thu Jun 18, 2009 17:32 UTC",Atlas V 421 | LRO/LCROSS,StatusActive,Success
Northrop,"LP-0B, Wallops Flight Facility, Virginia, USA","Tue May 19, 2009 23:55 UTC",Minotaur I | TacSat-3 / PharmaSat / AeroCube 3 / HawkSat I / CP6,StatusActive,Success
Arianespace,"ELA-3, Guiana Space Centre, French Guiana, France","Thu May 14, 2009 13:12 UTC",Ariane 5 ECA | Herschel Space Observatory & Planck,StatusActive,Success
NASA,"LC-39A, Kennedy Space Center, Florida, USA","Mon May 11, 2009 18:01 UTC",Space Shuttle Atlantis | STS-125,StatusRetired,Success
ULA,"SLC-2W, Vandenberg AFB, California, USA","Tue May 05, 2009 20:24 UTC",Delta II 7920-10C | STSS-ATRR,StatusRetired,Success
Sea Launch,"LP Odyssey, Kiritimati Launch Area, Pacific Ocean","Mon Apr 20, 2009 08:15 UTC",Zenit-3 SL | Sicral-1B,StatusActive,Success
ISRO,"Second Launch Pad, Satish Dhawan Space Centre, India","Mon Apr 20, 2009 01:15 UTC",PSLV-CA | RISAT-2 & ANUSAT,StatusActive,Success
KCST,"Pad 1, Tonghae Satellite Launching Ground, North Korea","Sun Apr 05, 2009 02:20 UTC",Unha-2 | Kwangmyngsng-2,StatusRetired,Failure
ULA,"SLC-41, Cape Canaveral AFS, Florida, USA","Sat Apr 04, 2009 00:31 UTC",Atlas V 421 | WGS-2,StatusActive,Success
ULA,"SLC-17A, Cape Canaveral AFS, Florida, USA","Tue Mar 24, 2009 08:34 UTC",Delta II 7925 | GPS IIRM-7,StatusRetired,Success
Eurockot,"Site 133/3, Plesetsk Cosmodrome, Russia","Tue Mar 17, 2009 14:21 UTC",Rokot/Briz KM | GOCE,StatusRetired,Success
NASA,"LC-39A, Kennedy Space Center, Florida, USA","Sun Mar 15, 2009 23:43 UTC",Space Shuttle Discovery | STS-119,StatusRetired,Success
ULA,"SLC-17B, Cape Canaveral AFS, Florida, USA","Sat Mar 07, 2009 03:49 UTC",Delta II 7925-10L | Kepler,StatusRetired,Success
Land Launch,"Site 45/1, Baikonur Cosmodrome, Kazakhstan","Thu Feb 26, 2009 08:30 UTC",Zenit-3 SLB | Telstar-11N,StatusActive,Success
Northrop,"SLC-576E, Vandenberg AFB, California, USA","Tue Feb 24, 2009 09:55 UTC",Minotaur C (Taurus) | Orbiting Carbon Observatory,StatusActive,Failure
Arianespace,"ELA-3, Guiana Space Centre, French Guiana, France","Thu Feb 12, 2009 22:09 UTC","Ariane 5 ECA | Hot Bird 10, NSS-9, Spirale-A & B",StatusActive,Success
ULA,"SLC-2W, Vandenberg AFB, California, USA","Fri Feb 06, 2009 10:22 UTC",Delta II 7320-10C | NOAA-N Prime,StatusRetired,Success
ISA,"Imam Khomeini Spaceport, Semnan Space Center, Iran","Mon Feb 02, 2009",Safir-1 | Omid,StatusRetired,Success
VKS RF,"Site 32/2, Plesetsk Cosmodrome, Russia","Fri Jan 30, 2009 13:30 UTC",Tsyklon-3 | Koronas Foton,StatusRetired,Success
MHI,"LA-Y1, Tanegashima Space Center, Japan","Fri Jan 23, 2009 03:54 UTC","H-IIA 202 | Ibuki, Maido 1 & Others",StatusActive,Success
ULA,"SLC-37B, Cape Canaveral AFS, Florida, USA","Sun Jan 18, 2009 02:47 UTC",Delta IV Heavy | NROL-26,StatusActive,Success
Arianespace,"ELA-3, Guiana Space Centre, French Guiana, France","Sat Dec 20, 2008 22:35 UTC",Ariane 5 ECA | Hot Bird 9 & Eutelsat W2M,StatusActive,Success
VKS RF,"Site 16/2, Plesetsk Cosmodrome, Russia","Tue Dec 02, 2008 04:59 UTC",Molniya-M /Block 2BL | Cosmos 2446,StatusRetired,Success
NASA,"LC-39A, Kennedy Space Center, Florida, USA","Sat Nov 15, 2008 00:55 UTC",Space Shuttle Endeavour | STS-126,StatusRetired,Success
CASC,"Site 9401 (SLS-2), Jiuquan Satellite Launch Center, China","Wed Nov 05, 2008 00:15 UTC",Long March 2D | Shiyan-3 & Chuangxin-1(02),StatusActive,Success
CASC,"Site 9401 (SLS-2), Jiuquan Satellite Launch Center, China","Wed Nov 05, 2008 00:15 UTC",Long March 2D | Shiyan-3 & Chuangxin-1(02),StatusActive,Success
CASC,"LC-2, Xichang Satellite Launch Center, China","Wed Oct 29, 2008 16:53 UTC",Long March 3B/E | VENESAT 1,StatusActive,Success
ULA,"SLC-2W, Vandenberg AFB, California, USA","Sat Oct 25, 2008 02:28 UTC",Delta II 7420-10C | COSMO-3,StatusRetired,Success
CASC,"LC-9, Taiyuan Satellite Launch Center, China","Sat Oct 25, 2008 01:15 UTC",Long March 4B | Shijian-6E & F,StatusActive,Success
ISRO,"Second Launch Pad, Satish Dhawan Space Centre, India","Wed Oct 22, 2008 00:52 UTC",PSLV-XL | Chandrayaan-1,StatusActive,Success
Northrop,"Stargazer, Ronald Reagan Ballistic Missile Defense Test Site, Marshall Islands, USA","Sun Oct 19, 2008 17:47 UTC",Pegasus XL | IBEX,StatusActive,Success
Kosmotras,"Site 370/13, Yasny Cosmodrome, Russia","Wed Oct 01, 2008 06:37 UTC",Dnepr | THEOS 1,StatusRetired,Success
SpaceX,"Omelek Island, Ronald Reagan Ballistic Missile Defense Test Site, Marshall Islands, USA","Sun Sep 28, 2008 23:15 UTC",Falcon 1 | RatSat,StatusRetired,Success
CASC,"Site 901 (SLS-1), Jiuquan Satellite Launch Center, China","Sun Sep 28, 2008 13:10 UTC",Long March 2F/G | Shenzhou 7,StatusActive,Success
Sea Launch,"LP Odyssey, Kiritimati Launch Area, Pacific Ocean","Wed Sep 24, 2008 09:27 UTC",Zenit-3 SL | Galaxy 19,StatusActive,Success
ULA,"SLC-2W, Vandenberg AFB, California, USA","Sat Sep 06, 2008 18:50 UTC",Delta II 7420-10C | GeoEye-1,StatusRetired,Success
CASC,"LC-7, Taiyuan Satellite Launch Center, China","Sat Sep 06, 2008 03:25 UTC",Long March 2C/SMA | Huanjing-1A & 1B,StatusActive,Success
Kosmotras,"Site 109/95, Baikonur Cosmodrome, Kazakhstan","Fri Aug 29, 2008 07:15 UTC",Dnepr | RapidEye 1 to 5,StatusRetired,Success
ISA,"Imam Khomeini Spaceport, Semnan Space Center, Iran","Sun Aug 17, 2008",Safir-1 | Unknown Payload,StatusRetired,Failure
Arianespace,"ELA-3, Guiana Space Centre, French Guiana, France","Thu Aug 14, 2008 20:44 UTC",Ariane 5 ECA | Superbird-7 & AMC-21,StatusActive,Success
SpaceX,"Omelek Island, Ronald Reagan Ballistic Missile Defense Test Site, Marshall Islands, USA","Sun Aug 03, 2008 03:34 UTC",Falcon 1 | Flight 3,StatusRetired,Failure
VKS RF,"Site 132/1, Plesetsk Cosmodrome, Russia","Tue Jul 22, 2008 02:40 UTC",Cosmos-3M (11K65M) | SAR-Lupe 5,StatusRetired,Success
Sea Launch,"LP Odyssey, Kiritimati Launch Area, Pacific Ocean","Wed Jul 16, 2008 05:20 UTC",Zenit-3 SL | EchoStar XI,StatusActive,Success
Arianespace,"ELA-3, Guiana Space Centre, French Guiana, France","Mon Jul 07, 2008 21:47 UTC",Ariane 5 ECA | ProtoStar-1 & Badr-6,StatusActive,Success
ULA,"SLC-2W, Vandenberg AFB, California, USA","Fri Jun 20, 2008 07:46 UTC",Delta II 7320-10C | Jason-2,StatusRetired,Success
VKS RF,"Site 132/1, Plesetsk Cosmodrome, Russia","Thu Jun 19, 2008 06:36 UTC",Cosmos-3M (11K65M) | Orbcomm Satellites,StatusRetired,Success
Arianespace,"ELA-3, Guiana Space Centre, French Guiana, France","Thu Jun 12, 2008 22:05 UTC",Ariane 5 ECA | Skynet 5C & Turksat 3A,StatusActive,Success
ULA,"SLC-17B, Cape Canaveral AFS, Florida, USA","Wed Jun 11, 2008 16:05 UTC",Delta II 7920H-10C | GLAST,StatusRetired,Success
CASC,"LC-2, Xichang Satellite Launch Center, China","Mon Jun 09, 2008 12:15 UTC",Long March 3B | ChinaSat 9,StatusActive,Success
NASA,"LC-39A, Kennedy Space Center, Florida, USA","Sat May 31, 2008 21:02 UTC",Space Shuttle Discovery | STS-124,StatusRetired,Success
CASC,"LC-7, Taiyuan Satellite Launch Center, China","Tue May 27, 2008 03:02 UTC",Long March 4C | Fengyun-3A,StatusActive,Success
VKS RF,"Site 133/3, Plesetsk Cosmodrome, Russia","Fri May 23, 2008 15:20 UTC","Rokot/Briz KM | Cosmos 2437 to 2439, Youbilielnyi",StatusRetired,Success
Sea Launch,"LP Odyssey, Kiritimati Launch Area, Pacific Ocean","Wed May 21, 2008 09:42 UTC",Zenit-3 SL | Galaxy 18,StatusActive,Success
Land Launch,"Site 45/1, Baikonur Cosmodrome, Kazakhstan","Mon Apr 28, 2008 05:00 UTC",Zenit-3 SLB | AMOS 3,StatusActive,Partial Failure
ISRO,"Second Launch Pad, Satish Dhawan Space Centre, India","Mon Apr 28, 2008 03:53 UTC",PSLV-CA | Cartosat-2A & Rideshares,StatusActive,Success
CASC,"LC-2, Xichang Satellite Launch Center, China","Fri Apr 25, 2008 15:35 UTC",Long March 3C | Tianlian I-01,StatusActive,Success
Arianespace,"ELA-3, Guiana Space Centre, French Guiana, France","Fri Apr 18, 2008 22:17 UTC",Ariane 5 ECA | Star One C2 & Vinasat-1,StatusActive,Success
Northrop,"Stargazer, Ronald Reagan Ballistic Missile Defense Test Site, Marshall Islands, USA","Tue Apr 15, 2008 17:01 UTC",Pegasus XL | C/NOFS,StatusActive,Success
ULA,"SLC-41, Cape Canaveral AFS, Florida, USA","Mon Apr 14, 2008 20:12 UTC",Atlas V 421 | ICO G1,StatusActive,Success
VKS RF,"Site 132/1, Plesetsk Cosmodrome, Russia","Thu Mar 27, 2008 17:16 UTC",Cosmos-3M (11K65M) | SAR-Lupe 4,StatusRetired,Success
Sea Launch,"LP Odyssey, Kiritimati Launch Area, Pacific Ocean","Wed Mar 19, 2008 22:47 UTC",Zenit-3 SL | DirecTV-11,StatusActive,Success
ULA,"SLC-17A, Cape Canaveral AFS, Florida, USA","Sat Mar 15, 2008 06:10 UTC",Delta II 7925 | GPS IIRM-6,StatusRetired,Success
ULA,"SLC-3E, Vandenberg AFB, California, USA","Thu Mar 13, 2008 10:02 UTC",Atlas V 411 | NROL-28,StatusActive,Success
NASA,"LC-39A, Kennedy Space Center, Florida, USA","Tue Mar 11, 2008 06:28 UTC",Space Shuttle Endeavour | STS-123,StatusRetired,Success
Arianespace,"ELA-3, Guiana Space Centre, French Guiana, France","Sun Mar 09, 2008 04:03 UTC",Ariane 5 ES | Jules Verne ATV,StatusRetired,Success
MHI,"LA-Y1, Tanegashima Space Center, Japan","Sat Feb 23, 2008 08:55 UTC",H-IIA 202 | Kizuna,StatusActive,Success
NASA,"LC-39A, Kennedy Space Center, Florida, USA","Thu Feb 07, 2008 19:45 UTC",Space Shuttle Atlantis | STS-122,StatusRetired,Success
ISRO,"First Launch Pad, Satish Dhawan Space Centre, India","Mon Jan 21, 2008 03:45 UTC",PSLV-CA | TecSAR,StatusActive,Success
Sea Launch,"LP Odyssey, Kiritimati Launch Area, Pacific Ocean","Tue Jan 15, 2008 11:48 UTC",Zenit-3 SL | Thuraya-3,StatusActive,Success
Arianespace,"ELA-3, Guiana Space Centre, French Guiana, France","Fri Dec 21, 2007 21:41 UTC",Ariane 5 GS | Rascom-QAF1 & Horizons-2,StatusRetired,Success
ULA,"SLC-17A, Cape Canaveral AFS, Florida, USA","Thu Dec 20, 2007 20:04 UTC",Delta II 7925 | GPS IIRM-5,StatusRetired,Success
ULA,"SLC-41, Cape Canaveral AFS, Florida, USA","Mon Dec 10, 2007 22:05 UTC",Atlas V 401 | NROL-24,StatusActive,Success
ULA,"SLC-2W, Vandenberg AFB, California, USA","Sun Dec 09, 2007 02:31 UTC",Delta II 7420-10C | COSMO-2,StatusRetired,Success
Arianespace,"ELA-3, Guiana Space Centre, French Guiana, France","Wed Nov 14, 2007 22:03 UTC",Ariane 5 ECA | Skynet 5B & Star One C1,StatusActive,Success
CASC,"LC-7, Taiyuan Satellite Launch Center, China","Sun Nov 11, 2007 22:48 UTC",Long March 4C | Yaogan 3,StatusActive,Success
ULA,"SLC-37B, Cape Canaveral AFS, Florida, USA","Sun Nov 11, 2007 01:50 UTC",Delta IV Heavy | DSP-23,StatusActive,Success
VKS RF,"Site 132/1, Plesetsk Cosmodrome, Russia","Thu Nov 01, 2007 00:51 UTC",Cosmos-3M (11K65M) | SAR-Lupe 3,StatusRetired,Success
CASC,"LC-3, Xichang Satellite Launch Center, China","Wed Oct 24, 2007 10:05 UTC",Long March 3B | Chang'e 1,StatusActive,Success
VKS RF,"Site 16/2, Plesetsk Cosmodrome, Russia","Tue Oct 23, 2007 04:39 UTC",Molniya-M /Block 2BL | Cosmos 2430,StatusRetired,Success
NASA,"LC-39A, Kennedy Space Center, Florida, USA","Tue Oct 23, 2007 03:38 UTC",Space Shuttle Discovery | STS-120,StatusRetired,Success
ULA,"SLC-17A, Cape Canaveral AFS, Florida, USA","Wed Oct 17, 2007 12:23 UTC",Delta II 7925 | GPS IIRM-4,StatusRetired,Success
ULA,"SLC-41, Cape Canaveral AFS, Florida, USA","Thu Oct 11, 2007 00:22 UTC",Atlas V 421 | WSG-1,StatusActive,Success
Arianespace,"ELA-3, Guiana Space Centre, French Guiana, France","Fri Oct 05, 2007 22:02 UTC",Ariane 5 GS | Intelsat 11 & Optus D2,StatusRetired,Success
ULA,"SLC-17B, Cape Canaveral AFS, Florida, USA","Thu Sep 27, 2007 11:34 UTC",Delta II 7925H | Dawn,StatusRetired,Success
CASC,"LC-7, Taiyuan Satellite Launch Center, China","Wed Sep 19, 2007 03:26 UTC",Long March 4B | CBERS-2B,StatusActive,Success
ULA,"SLC-2W, Vandenberg AFB, California, USA","Tue Sep 18, 2007 18:35 UTC",Delta II 7920-10C | DigitalGlobe WorldView-1,StatusRetired,Success
MHI,"LA-Y1, Tanegashima Space Center, Japan","Fri Sep 14, 2007 01:31 UTC",H-IIA 2022 | SELENE,StatusRetired,Success
VKS RF,"Site 132/1, Plesetsk Cosmodrome, Russia","Tue Sep 11, 2007 13:05 UTC",Cosmos-3M (11K65M) | Cosmos 2429,StatusRetired,Success
ISRO,"Second Launch Pad, Satish Dhawan Space Centre, India","Sun Sep 02, 2007 12:51 UTC",GSLV Mk I | INSAT-4CR,StatusRetired,Partial Failure
Arianespace,"ELA-3, Guiana Space Centre, French Guiana, France","Tue Aug 14, 2007 23:44 UTC",Ariane 5 ECA | Spaceway-3 & BSat-3A,StatusActive,Success
NASA,"LC-39A, Kennedy Space Center, Florida, USA","Wed Aug 08, 2007 22:36 UTC",Space Shuttle Endeavour | STS-118,StatusRetired,Success
ULA,"SLC-17A, Cape Canaveral AFS, Florida, USA","Sat Aug 04, 2007 09:26 UTC",Delta II 7925 | Phoenix,StatusRetired,Success
CASC,"LC-2, Xichang Satellite Launch Center, China","Thu Jul 05, 2007 20:08 UTC",Long March 3B | Chinasat-6B,StatusActive,Success
VKS RF,"Site 132/1, Plesetsk Cosmodrome, Russia","Mon Jul 02, 2007 19:38 UTC",Cosmos-3M (11K65M) | SAR-Lupe 2,StatusRetired,Success
VKS RF,"Site 45/1, Baikonur Cosmodrome, Kazakhstan","Fri Jun 29, 2007 10:00 UTC",Zenit-2 | Cosmos 2428,StatusRetired,Success
Kosmotras,"Site 370/13, Yasny Cosmodrome, Russia","Thu Jun 28, 2007 15:02 UTC",Dnepr | Genesis 2,StatusRetired,Success
ULA,"SLC-41, Cape Canaveral AFS, Florida, USA","Fri Jun 15, 2007 15:11 UTC",Atlas V 401 | NROL-30 & NOSS-3,StatusActive,Partial Failure
Kosmotras,"Site 109/95, Baikonur Cosmodrome, Kazakhstan","Fri Jun 15, 2007 02:14 UTC",Dnepr | TerraSAR-X,StatusRetired,Success
IAI,"Pad 1, Palmachim Airbase, Israel","Sun Jun 10, 2007",Shavit-2 | Ofek-7,StatusActive,Success
NASA,"LC-39A, Kennedy Space Center, Florida, USA","Fri Jun 08, 2007 23:38 UTC",Space Shuttle Atlantis | STS-117,StatusRetired,Success
ULA,"SLC-2W, Vandenberg AFB, California, USA","Fri Jun 08, 2007 02:34 UTC",Delta II 7420-10C | COSMO-SkyMed,StatusRetired,Success
CASC,"LC-2, Xichang Satellite Launch Center, China","Thu May 31, 2007 16:08 UTC",Long March 3A | SinoSat 3,StatusActive,Success
CASC,"Site 9401 (SLS-2), Jiuquan Satellite Launch Center, China","Fri May 25, 2007 07:12 UTC",Long March 2D | Yaogan 2 & ZDPS-1,StatusActive,Success
CASC,"LC-2, Xichang Satellite Launch Center, China","Sun May 13, 2007 16:01 UTC",Long March 3B/E | NIGCOMSAT-1,StatusActive,Success
Arianespace,"ELA-3, Guiana Space Centre, French Guiana, France","Fri May 04, 2007 22:29 UTC",Ariane 5 ECA | Astra 1L & Galaxy 17,StatusActive,Success
Northrop,"Stargazer, Vandenberg AFB, California, USA","Wed Apr 25, 2007 20:26 UTC",Pegasus XL | AIM,StatusActive,Success
Northrop,"LP-0B, Wallops Flight Facility, Virginia, USA","Tue Apr 24, 2007 06:48 UTC",Minotaur I | NFIRE,StatusActive,Success
ISRO,"Second Launch Pad, Satish Dhawan Space Centre, India","Mon Apr 23, 2007 10:00 UTC",PSLV-CA | AGILE & AAM,StatusActive,Success
Kosmotras,"Site 109/95, Baikonur Cosmodrome, Kazakhstan","Tue Apr 17, 2007 06:46 UTC",Dnepr | EgyptSat 1 & Others,StatusRetired,Success
CASC,"LC-2, Xichang Satellite Launch Center, China","Fri Apr 13, 2007 20:11 UTC",Long March 3A | Compass-M1,StatusActive,Success
CASC,"LC-7, Taiyuan Satellite Launch Center, China","Wed Apr 11, 2007 03:27 UTC",Long March 2C | Haiyang-1B,StatusActive,Success
SpaceX,"Omelek Island, Ronald Reagan Ballistic Missile Defense Test Site, Marshall Islands, USA","Wed Mar 21, 2007 01:10 UTC",Falcon 1 | DemoSat,StatusRetired,Failure
Arianespace,"ELA-3, Guiana Space Centre, French Guiana, France","Sun Mar 11, 2007 22:03 UTC",Ariane 5 ECA | Skynet 5A & INSAT-4B,StatusActive,Success
ULA,"SLC-41, Cape Canaveral AFS, Florida, USA","Fri Mar 09, 2007 03:10 UTC","Atlas V 401 | STP-1, FalconSat-3",StatusActive,Success
MHI,"LA-Y1, Tanegashima Space Center, Japan","Sat Feb 24, 2007 04:41 UTC","H-IIA 2024 | IGS-Optical 3V, IGS-Radar 2",StatusRetired,Success
ULA,"SLC-17B, Cape Canaveral AFS, Florida, USA","Sat Feb 17, 2007 23:01 UTC",Delta II 7925-10C | THEMIS,StatusRetired,Success
CASC,"LC-2, Xichang Satellite Launch Center, China","Fri Feb 02, 2007 16:28 UTC",Long March 3A | Beidou-1D,StatusActive,Success
Sea Launch,"LP Odyssey, Kiritimati Launch Area, Pacific Ocean","Tue Jan 30, 2007 23:21 UTC",Zenit-3 SL | NSS-8,StatusActive,Failure
ISRO,"First Launch Pad, Satish Dhawan Space Centre, India","Wed Jan 10, 2007 03:54 UTC",PSLV-G | Cartosat-2 & SRE-1 & Rideshares,StatusRetired,Success
VKS RF,"Site 132/1, Plesetsk Cosmodrome, Russia","Tue Dec 19, 2006 14:00 UTC",Cosmos-3M (11K65M) | SAR-Lupe 1,StatusRetired,Success
MHI,"LA-Y1, Tanegashima Space Center, Japan","Mon Dec 18, 2006 06:32 UTC",H-IIA 204 | Kiku 8,StatusActive,Success
Northrop,"LP-0B, Wallops Flight Facility, Virginia, USA","Sat Dec 16, 2006 12:00 UTC",Minotaur I | TacSat-2 & GeneSat-1,StatusActive,Success
ULA,"SLC-2W, Vandenberg AFB, California, USA","Thu Dec 14, 2006 21:00 UTC",Delta II 7920-10C | NROL-21,StatusRetired,Success
NASA,"LC-39B, Kennedy Space Center, Florida, USA","Sun Dec 10, 2006 00:47 UTC",Space Shuttle Discovery | STS-116,StatusRetired,Success
Arianespace,"ELA-3, Guiana Space Centre, French Guiana, France","Fri Dec 08, 2006 22:08 UTC",Ariane 5 ECA | WildBlue-1 & AMC-18,StatusActive,Success
CASC,"LC-2, Xichang Satellite Launch Center, China","Fri Dec 08, 2006 00:53 UTC",Long March 3A | Fengyun-2D,StatusActive,Success
Boeing,"SLC-17A, Cape Canaveral AFS, Florida, USA","Fri Nov 17, 2006 19:12 UTC",Delta II 7925 | GPS IIRM-3,StatusRetired,Success
Boeing,"SLC-6, Vandenberg AFB, California, USA","Sat Nov 04, 2006 13:53 UTC",Delta IV Medium | DMSP F17,StatusRetired,Success
Sea Launch,"LP Odyssey, Kiritimati Launch Area, Pacific Ocean","Mon Oct 30, 2006 23:48 UTC",Zenit-3 SL | XM-4,StatusActive,Success
CASC,"LC-2, Xichang Satellite Launch Center, China","Sat Oct 28, 2006 16:20 UTC",Long March 3B | SinoSat 2,StatusActive,Success
Boeing,"SLC-17B, Cape Canaveral AFS, Florida, USA","Thu Oct 26, 2006 00:52 UTC",Delta II 7925-10L | STEREO,StatusRetired,Success
CASC,"LC-7, Taiyuan Satellite Launch Center, China","Mon Oct 23, 2006 23:34 UTC",Long March 4B | Shijian-6C & 6D,StatusActive,Success
Arianespace,"ELA-3, Guiana Space Centre, French Guiana, France","Fri Oct 13, 2006 20:56 UTC","Ariane 5 ECA | DirecTV-9S, Optus D1, LDREX-2",StatusActive,Success
Boeing,"SLC-17A, Cape Canaveral AFS, Florida, USA","Mon Sep 25, 2006 18:50 UTC",Delta II 7925 | GPS IIRM-2,StatusRetired,Success
ISAS,"Mu Pad, Uchinoura Space Center, Japan","Fri Sep 22, 2006 21:36 UTC","Mu-V / M-25 | SSSat 2, Hinode & Camatai",StatusRetired,Success
CASC,"LC-2, Xichang Satellite Launch Center, China","Tue Sep 12, 2006 16:02 UTC",Long March 3A | Chinasat-22A,StatusActive,Success
MHI,"LA-Y1, Tanegashima Space Center, Japan","Mon Sep 11, 2006 04:35 UTC",H-IIA 202 | IGS-Optical 2,StatusActive,Success
NASA,"LC-39B, Kennedy Space Center, Florida, USA","Sat Sep 09, 2006 15:14 UTC",Space Shuttle Atlantis | STS-115,StatusRetired,Success
CASC,"Site 9401 (SLS-2), Jiuquan Satellite Launch Center, China","Sat Sep 09, 2006 07:00 UTC",Long March 2C | Shijian-8,StatusActive,Success
Sea Launch,"LP Odyssey, Kiritimati Launch Area, Pacific Ocean","Tue Aug 22, 2006 03:26 UTC",Zenit-3 SL | Koreasat 5,StatusActive,Success
Arianespace,"ELA-3, Guiana Space Centre, French Guiana, France","Fri Aug 11, 2006 22:15 UTC",Ariane 5 ECA | JCSAT-10 & Syracuse 3B,StatusActive,Success
Eurockot,"Site 133/3, Plesetsk Cosmodrome, Russia","Fri Jul 28, 2006 07:05 UTC",Rokot/Briz KM | KompSat-2,StatusRetired,Success
Kosmotras,"Site 109/95, Baikonur Cosmodrome, Kazakhstan","Wed Jul 26, 2006 19:43 UTC",Dnepr | BelKa 1 & Others,StatusRetired,Failure
VKS RF,"Site 16/2, Plesetsk Cosmodrome, Russia","Fri Jul 21, 2006 04:20 UTC",Molniya-M /Block 2BL | Cosmos 2422,StatusRetired,Success
Kosmotras,"Site 370/13, Yasny Cosmodrome, Russia","Wed Jul 12, 2006 14:53 UTC",Dnepr | Genesis 1,StatusRetired,Success
ISRO,"Second Launch Pad, Satish Dhawan Space Centre, India","Mon Jul 10, 2006 12:08 UTC",GSLV Mk I | INSAT-4C,StatusRetired,Failure
NASA,"LC-39B, Kennedy Space Center, Florida, USA","Tue Jul 04, 2006 18:37 UTC",Space Shuttle Discovery | STS-121,StatusRetired,Success
Boeing,"SLC-6, Vandenberg AFB, California, USA","Wed Jun 28, 2006 03:33 UTC","Delta IV Medium+ (4,2) | NROL-22",StatusRetired,Success
VKS RF,"Site 90/20, Baikonur Cosmodrome, Kazakhstan","Sun Jun 25, 2006 04:00 UTC",Tsyklon-2 | Cosmos 2421,StatusRetired,Success
Boeing,"SLC-17A, Cape Canaveral AFS, Florida, USA","Wed Jun 21, 2006 22:15 UTC",Delta II 7925 | MiTEx,StatusRetired,Success
Sea Launch,"LP Odyssey, Kiritimati Launch Area, Pacific Ocean","Sun Jun 18, 2006 07:49 UTC",Zenit-3 SL | Galaxy 16,StatusActive,Success
Arianespace,"ELA-3, Guiana Space Centre, French Guiana, France","Sat May 27, 2006 21:09 UTC",Ariane 5 ECA | Satmex-6 & Thaicom-5,StatusActive,Success
SRC,"K-84 Submarine, Barents Sea Launch Area, Barents Sea","Fri May 26, 2006 18:50 UTC",Shtil' | Kompass-2,StatusRetired,Success
Boeing,"SLC-37B, Cape Canaveral AFS, Florida, USA","Wed May 24, 2006 22:11 UTC","Delta IV Medium+ (4,2) | GOES-N (GOES-13)",StatusRetired,Success
Boeing,"SLC-2W, Vandenberg AFB, California, USA","Fri Apr 28, 2006 10:02 UTC","Delta II 7420-10C | CloudSat, CALIPSO",StatusRetired,Success
CASC,"LC-7, Taiyuan Satellite Launch Center, China","Wed Apr 26, 2006 22:48 UTC",Long March 4C | Yaogan 1,StatusActive,Success
MITT,"Svobodny Cosmodrome, Russia","Tue Apr 25, 2006 16:47 UTC",Start-1 | EROS B,StatusActive,Success
ILS,"SLC-41, Cape Canaveral AFS, Florida, USA","Thu Apr 20, 2006 20:27 UTC",Atlas V 411 | Astra 1KR,StatusActive,Success
Northrop,"SLC-8, Vandenberg AFB, California, USA","Sat Apr 15, 2006 01:40 UTC",Minotaur I | COSMIC (FORMOSAT-3),StatusActive,Success
Sea Launch,"LP Odyssey, Kiritimati Launch Area, Pacific Ocean","Wed Apr 12, 2006 23:29 UTC",Zenit-3 SL | JCSat-9,StatusActive,Success
Northrop,"Stargazer, Vandenberg AFB, California, USA","Tue Mar 28, 2006 20:10 UTC",Pegasus XL | ST-5,StatusActive,Success
SpaceX,"Omelek Island, Ronald Reagan Ballistic Missile Defense Test Site, Marshall Islands, USA","Fri Mar 24, 2006 21:30 UTC",Falcon 1 | FalconSat-2,StatusRetired,Failure
Arianespace,"ELA-3, Guiana Space Centre, French Guiana, France","Sat Mar 11, 2006 22:33 UTC",Ariane 5 ECA | Spainsat & Hot Bird 7A,StatusActive,Success
ISAS,"Mu Pad, Uchinoura Space Center, Japan","Tue Feb 21, 2006 21:28 UTC","Mu-V / M-25 | SSSat 1, CUTE 1.7 & Akari",StatusRetired,Success
MHI,"LA-Y1, Tanegashima Space Center, Japan","Sat Feb 18, 2006 06:27 UTC",H-IIA 2024 | Himawari 7,StatusRetired,Success
Sea Launch,"LP Odyssey, Kiritimati Launch Area, Pacific Ocean","Wed Feb 15, 2006 22:34 UTC",Zenit-3 SL | EchoStar-X,StatusActive,Success
MHI,"LA-Y1, Tanegashima Space Center, Japan","Tue Jan 24, 2006 01:33 UTC",H-IIA 2022 | Daichi,StatusRetired,Success
ILS,"SLC-41, Cape Canaveral AFS, Florida, USA","Thu Jan 19, 2006 19:00 UTC",Atlas V 551 | New Horizons,StatusActive,Success
Arianespace,"ELA-3, Guiana Space Centre, French Guiana, France","Wed Dec 21, 2005 23:33 UTC",Ariane 5 GS | INSAT-4A & MSG-2,StatusRetired,Success
VKS RF,"Site 132/1, Plesetsk Cosmodrome, Russia","Wed Dec 21, 2005 19:34 UTC",Cosmos-3M (11K65M) | Cosmos 2416,StatusRetired,Success
Arianespace,"ELA-3, Guiana Space Centre, French Guiana, France","Wed Nov 16, 2005 23:46 UTC",Ariane 5 ECA | Spaceway-2 & Telkom-2,StatusActive,Success
Sea Launch,"LP Odyssey, Kiritimati Launch Area, Pacific Ocean","Tue Nov 08, 2005 14:06 UTC",Zenit-3 SL | Inmarsat 4F-2,StatusActive,Success
VKS RF,"Site 132/1, Plesetsk Cosmodrome, Russia","Thu Oct 27, 2005 06:52 UTC",Cosmos-3M (11K65M) | TopSat 1 & Others,StatusRetired,Success
Lockheed,"SLC-4E, Vandenberg AFB, California, USA","Wed Oct 19, 2005 18:05 UTC",Titan IV(404)B | NROL-20 (KH-11 Kennen),StatusRetired,Success
CASC,"Site 901 (SLS-1), Jiuquan Satellite Launch Center, China","Sun Oct 16, 2005 20:32 UTC",Long March 2F | Shenzhou 6,StatusActive,Success
Arianespace,"ELA-3, Guiana Space Centre, French Guiana, France","Thu Oct 13, 2005 22:32 UTC",Ariane 5 GS | Syracuse 3A & Galaxy 15,StatusRetired,Success
Eurockot,"Site 133/3, Plesetsk Cosmodrome, Russia","Sat Oct 08, 2005 15:02 UTC",Rokot/Briz KM | CryoSat-1,StatusRetired,Failure
Boeing,"SLC-17A, Cape Canaveral AFS, Florida, USA","Mon Sep 26, 2005 03:37 UTC",Delta II 7925 | GPS IIRM-1,StatusRetired,Success
Northrop,"SLC-8, Vandenberg AFB, California, USA","Thu Sep 22, 2005 19:24 UTC",Minotaur I | Streak (STP-R1),StatusActive,Success
CASC,"Site 9401 (SLS-2), Jiuquan Satellite Launch Center, China","Mon Aug 29, 2005 08:45 UTC",Long March 2D | FSW-3 No. 3,StatusActive,Success
VKS RF,"Site 133/3, Plesetsk Cosmodrome, Russia","Fri Aug 26, 2005 18:34 UTC",Rokot/Briz KM | Monitor-E,StatusRetired,Success
Kosmotras,"Site 109/95, Baikonur Cosmodrome, Kazakhstan","Tue Aug 23, 2005 21:09 UTC",Dnepr | Kirari and Reimei,StatusRetired,Success
ILS,"SLC-41, Cape Canaveral AFS, Florida, USA","Fri Aug 12, 2005 11:43 UTC",Atlas V 401 | Mars Reconnaissance Orbiter,StatusActive,Success
Arianespace,"ELA-3, Guiana Space Centre, French Guiana, France","Thu Aug 11, 2005 08:20 UTC",Ariane 5 GS | iPStar-1,StatusRetired,Success
CASC,"Site 9401 (SLS-2), Jiuquan Satellite Launch Center, China","Tue Aug 02, 2005 07:30 UTC",Long March 2C | FSW-4 No. 2,StatusActive,Success
NASA,"LC-39B, Kennedy Space Center, Florida, USA","Tue Jul 26, 2005 14:39 UTC",Space Shuttle Discovery | STS-114,StatusRetired,Success
ISAS,"Mu Pad, Uchinoura Space Center, Japan","Sun Jul 10, 2005 03:30 UTC",Mu-V / M-25 | Suzaku,StatusRetired,Success
CASC,"Site 9401 (SLS-2), Jiuquan Satellite Launch Center, China","Tue Jul 05, 2005 22:40 UTC",Long March 2D | Shijian-7,StatusActive,Success
Sea Launch,"LP Odyssey, Kiritimati Launch Area, Pacific Ocean","Thu Jun 23, 2005 14:02 UTC",Zenit-3 SL | Intelsat-Americas 8,StatusActive,Success
SRC,"K-496 Submarine, Barents Sea Launch Area, Barents Sea","Tue Jun 21, 2005 19:46 UTC",Volna | Cosmos 1,StatusRetired,Failure
VKS RF,"Site 16/2, Plesetsk Cosmodrome, Russia","Tue Jun 21, 2005 00:48 UTC",Molniya-M /Block ML | Molniya-3K n†­175,StatusRetired,Failure
Boeing,"SLC-2W, Vandenberg AFB, California, USA","Fri May 20, 2005 10:22 UTC",Delta II 7320-10C | NOAA-N,StatusRetired,Success
ISRO,"Second Launch Pad, Satish Dhawan Space Centre, India","Thu May 05, 2005 04:45 UTC",PSLV-G | Cartosat-1 & HAMSAT,StatusRetired,Success
Lockheed,"SLC-40, Cape Canaveral AFS, Florida, USA","Sat Apr 30, 2005 00:50 UTC",Titan IV(405)B | NROL-16 (Onyx),StatusRetired,Success
Sea Launch,"LP Odyssey, Kiritimati Launch Area, Pacific Ocean","Tue Apr 26, 2005 07:31 UTC",Zenit-3 SL | Spaceway-1,StatusActive,Success
Northrop,"Stargazer, Vandenberg AFB, California, USA","Fri Apr 15, 2005 17:27 UTC",Pegasus XL | DART,StatusActive,Success
CASC,"LC-2, Xichang Satellite Launch Center, China","Tue Apr 12, 2005 12:00 UTC",Long March 3B | Apstar 6,StatusActive,Success
Northrop,"SLC-8, Vandenberg AFB, California, USA","Mon Apr 11, 2005 13:35 UTC",Minotaur I | XSS-11,StatusActive,Success
ILS,"SLC-41, Cape Canaveral AFS, Florida, USA","Fri Mar 11, 2005 21:42 UTC",Atlas V 431 | Inmarsat-4 F1,StatusActive,Success
Sea Launch,"LP Odyssey, Kiritimati Launch Area, Pacific Ocean","Tue Mar 01, 2005 03:50 UTC",Zenit-3 SL | XM-3,StatusActive,Success
MHI,"LA-Y1, Tanegashima Space Center, Japan","Sat Feb 26, 2005 09:25 UTC",H-IIA 2022 | Himawari 6,StatusRetired,Success
Arianespace,"ELA-3, Guiana Space Centre, French Guiana, France","Sat Feb 12, 2005 21:03 UTC","Ariane 5 ECA | XTAR-EUR, Maqsat-B2, Sloshsat-FLEVO",StatusActive,Success
Lockheed,"SLC-36B, Cape Canaveral AFS, Florida, USA","Thu Feb 03, 2005 07:41 UTC",Atlas IIIB | NROL-23 (Intruder 7A & 7B),StatusRetired,Success
VKS RF,"Site 132/1, Plesetsk Cosmodrome, Russia","Thu Jan 20, 2005 03:00 UTC",Cosmos-3M (11K65M) | Cosmos 2414 & Universitietski,StatusRetired,Success
Boeing,"SLC-17B, Cape Canaveral AFS, Florida, USA","Wed Jan 12, 2005 18:47 UTC",Delta II 7925 | Deep Impact,StatusRetired,Success
VKS RF,"Site 32/2, Plesetsk Cosmodrome, Russia","Fri Dec 24, 2004 12:00 UTC",Tsyklon-3 | Sich 1M & Micron 1,StatusRetired,Partial Failure
Boeing,"SLC-37B, Cape Canaveral AFS, Florida, USA","Tue Dec 21, 2004 21:50 UTC",Delta IV Heavy | DemoSat and 3CS-1 & 2,StatusActive,Partial Failure
Arianespace,"ELA-3, Guiana Space Centre, French Guiana, France","Sat Dec 18, 2004 16:26 UTC","Ariane 5 G+ | Helios 2A, Essaim-1,2,3,4, PARASOL, Nanosat 01",StatusRetired,Success
ILS,"SLC-41, Cape Canaveral AFS, Florida, USA","Fri Dec 17, 2004 12:07 UTC",Atlas V 521 | AMC-16,StatusActive,Success
Boeing,"SLC-17A, Cape Canaveral AFS, Florida, USA","Sat Nov 20, 2004 17:16 UTC",Delta II 7320-10C | Swift,StatusRetired,Success
CASC,"LC-3, Xichang Satellite Launch Center, China","Thu Nov 18, 2004 10:45 UTC",Long March 2C | Shiyan-2,StatusActive,Success
VKS RF,"Site 43/4, Plesetsk Cosmodrome, Russia","Mon Nov 08, 2004 18:29 UTC",Soyuz 2.1a | Demo Flight,StatusActive,Success
Boeing,"SLC-17B, Cape Canaveral AFS, Florida, USA","Sat Nov 06, 2004 05:39 UTC",Delta II 7925 | GPS IIR-13,StatusRetired,Success
CASC,"LC-7, Taiyuan Satellite Launch Center, China","Sat Nov 06, 2004 03:10 UTC",Long March 4B | Ziyuan ll-03,StatusActive,Success
CASC,"LC-2, Xichang Satellite Launch Center, China","Tue Oct 19, 2004 01:20 UTC",Long March 3A | Fengyun-2C,StatusActive,Success
CASC,"Site 9401 (SLS-2), Jiuquan Satellite Launch Center, China","Mon Sep 27, 2004 08:00 UTC",Long March 2D | FSW-3 No.2,StatusActive,Success
VKS RF,"Site 132/1, Plesetsk Cosmodrome, Russia","Thu Sep 23, 2004 15:07 UTC",Cosmos-3M (11K65M) | Cosmos 2408 and 2409,StatusRetired,Success
ISRO,"First Launch Pad, Satish Dhawan Space Centre, India","Mon Sep 20, 2004 10:31 UTC",GSLV Mk I | GSAT-3,StatusRetired,Success
CASC,"LC-7, Taiyuan Satellite Launch Center, China","Wed Sep 08, 2004 23:14 UTC",Long March 4B | Shijian-6A & 6B,StatusActive,Success
IAI,"Pad 1, Palmachim Airbase, Israel","Mon Sep 06, 2004",Shavit-1 | Ofek-6,StatusRetired,Failure
Lockheed,"SLC-36A, Cape Canaveral AFS, Florida, USA","Tue Aug 31, 2004 23:17 UTC",Atlas IIAS | NROL-1,StatusRetired,Success
CASC,"Site 9401 (SLS-2), Jiuquan Satellite Launch Center, China","Sun Aug 29, 2004 07:50 UTC",Long March 2C | FSW-4 No.1,StatusActive,Success
Boeing,"SLC-17B, Cape Canaveral AFS, Florida, USA","Tue Aug 03, 2004 06:15 UTC",Delta II 7925H | MESSENGER,StatusRetired,Success
CASC,"LC-7, Taiyuan Satellite Launch Center, China","Sun Jul 25, 2004 07:05 UTC",Long March 2C | Double Star 2,StatusActive,Success
VKS RF,"Site 132/1, Plesetsk Cosmodrome, Russia","Thu Jul 22, 2004 17:46 UTC",Cosmos-3M (11K65M) | Cosmos 2407,StatusRetired,Success
Arianespace,"ELA-3, Guiana Space Centre, French Guiana, France","Sun Jul 18, 2004 00:44 UTC",Ariane 5 G+ | Anik F2,StatusRetired,Success
Boeing,"SLC-2W, Vandenberg AFB, California, USA","Thu Jul 15, 2004 10:02 UTC",Delta II 7920-10L | Aura,StatusRetired,Success
Kosmotras,"Site 109/95, Baikonur Cosmodrome, Kazakhstan","Tue Jun 29, 2004 06:30 UTC",Dnepr | DEMETER & Others,StatusRetired,Success
Sea Launch,"LP Odyssey, Kiritimati Launch Area, Pacific Ocean","Tue Jun 29, 2004 03:58 UTC",Zenit-3 SL | Telstar 18,StatusActive,Success
Boeing,"SLC-17B, Cape Canaveral AFS, Florida, USA","Wed Jun 23, 2004 22:54 UTC",Delta II 7925 | GPS IIR-12,StatusRetired,Success
VKS RF,"Site 45/1, Baikonur Cosmodrome, Kazakhstan","Thu Jun 10, 2004 01:28 UTC",Zenit-2 | Cosmos 2406,StatusRetired,Success
VKS RF,"Site 90/20, Baikonur Cosmodrome, Kazakhstan","Fri May 28, 2004 06:00 UTC",Tsyklon-2 | Cosmos 2405,StatusRetired,Success
Northrop,"SLC-576E, Vandenberg AFB, California, USA","Thu May 20, 2004 17:47 UTC",Minotaur C (Taurus) | ROCSAT-2,StatusActive,Success
Sea Launch,"LP Odyssey, Kiritimati Launch Area, Pacific Ocean","Tue May 04, 2004 12:41 UTC",Zenit-3 SL | DirecTV-7S,StatusActive,Success
Boeing,"SLC-2W, Vandenberg AFB, California, USA","Tue Apr 20, 2004 16:57 UTC",Delta II 7920-10C | Gravity Probe B,StatusRetired,Success
ILS,"SLC-36B, Cape Canaveral AFS, Florida, USA","Mon Apr 19, 2004 22:22 UTC",Atlas IIAS | AMC-11,StatusRetired,Success
CASC,"LC-3, Xichang Satellite Launch Center, China","Sun Apr 18, 2004 15:59 UTC",Long March 2C | Shiyan-1 & Nano Satellite 1,StatusActive,Success
ILS,"SLC-36A, Cape Canaveral AFS, Florida, USA","Fri Apr 16, 2004 00:45 UTC",Atlas IIAS | Superbird 6,StatusRetired,Success
Boeing,"SLC-17B, Cape Canaveral AFS, Florida, USA","Sat Mar 20, 2004 17:53 UTC",Delta II 7925 | GPS IIR-11,StatusRetired,Success
ILS,"SLC-36B, Cape Canaveral AFS, Florida, USA","Sat Mar 13, 2004 05:40 UTC",Atlas IIIA | MBSat,StatusRetired,Success
Arianespace,"ELA-3, Guiana Space Centre, French Guiana, France","Tue Mar 02, 2004 07:17 UTC",Ariane 5 G+ | Rosetta & Philae,StatusRetired,Success
VKS RF,"Site 16/2, Plesetsk Cosmodrome, Russia","Wed Feb 18, 2004 07:06 UTC",Molniya-M /Block ML | Cosmos 2405 (Molniya-1T n†­174),StatusRetired,Success
Lockheed,"SLC-40, Cape Canaveral AFS, Florida, USA","Sat Feb 14, 2004 18:50 UTC",Titan IV(402)B | DSP,StatusRetired,Success
ILS,"SLC-36A, Cape Canaveral AFS, Florida, USA","Thu Feb 05, 2004 23:46 UTC",Atlas IIAS | AMC-10,StatusRetired,Success
Sea Launch,"LP Odyssey, Kiritimati Launch Area, Pacific Ocean","Sun Jan 11, 2004 04:12 UTC",Zenit-3 SL | Telstar 14,StatusActive,Success
CASC,"LC-3, Xichang Satellite Launch Center, China","Mon Dec 29, 2003 19:06 UTC",Long March 2C | Double Star 1,StatusActive,Success
Boeing,"SLC-17A, Cape Canaveral AFS, Florida, USA","Sun Dec 21, 2003 08:05 UTC",Delta II 7925 | GPS IIR-10,StatusRetired,Success
Lockheed,"SLC-36B, Cape Canaveral AFS, Florida, USA","Wed Dec 10, 2003 02:30 UTC",Atlas IIIB | UHF F/O F11,StatusRetired,Success
VKS RF,"Site 175/59, Baikonur Cosmodrome, Kazakhstan","Fri Dec 05, 2003 06:00 UTC",Strela | Gruzomaket,StatusRetired,Success
Lockheed,"SLC-3E, Vandenberg AFB, California, USA","Tue Dec 02, 2003 10:04 UTC",Atlas IIAS | NROL-18 (Intruder 6A & 6B),StatusRetired,Success
MHI,"LA-Y1, Tanegashima Space Center, Japan","Sat Nov 29, 2003 04:33 UTC","H-IIA 2024 | IGS-Optical (2), IGS-Radar (2)",StatusRetired,Failure
CASC,"LC-2, Xichang Satellite Launch Center, China","Fri Nov 14, 2003 16:01 UTC",Long March 3A | Chinasat-20,StatusActive,Success
CASC,"Site 9401 (SLS-2), Jiuquan Satellite Launch Center, China","Mon Nov 03, 2003 07:20 UTC",Long March 2D | FSW-3 No.1,StatusActive,Success
Eurockot,"Site 133/3, Plesetsk Cosmodrome, Russia","Thu Oct 30, 2003 13:43 UTC",Rokot/Briz KM | SERVIS-1,StatusRetired,Success
CASC,"LC-7, Taiyuan Satellite Launch Center, China","Tue Oct 21, 2003 03:16 UTC",Long March 4B | CBERS-2 & Chuangxin 1(01),StatusActive,Success
Lockheed,"SLC-4W, Vandenberg AFB, California, USA","Sat Oct 18, 2003 16:17 UTC",Titan II(23)G | USA-172,StatusRetired,Success
ISRO,"First Launch Pad, Satish Dhawan Space Centre, India","Fri Oct 17, 2003 04:52 UTC",PSLV-G | RESOURCESAT-1 (IRS-P6),StatusRetired,Success
CASC,"Site 901 (SLS-1), Jiuquan Satellite Launch Center, China","Wed Oct 15, 2003 01:00 UTC",Long March 2F | Shenzhou 5,StatusActive,Success
Sea Launch,"LP Odyssey, Kiritimati Launch Area, Pacific Ocean","Wed Oct 01, 2003 04:02 UTC",Zenit-3 SL | Galaxy-13,StatusActive,Success
Arianespace,"ELA-3, Guiana Space Centre, French Guiana, France","Sat Sep 27, 2003 23:14 UTC","Ariane 5 G | Insat 3E, eBird-1, SMART-1",StatusRetired,Success
VKS RF,"Site 132/1, Plesetsk Cosmodrome, Russia","Sat Sep 27, 2003 06:11 UTC",Cosmos-3M (11K65M) | STSAT 1 & Others,StatusRetired,Success
CASIC,"Taiyuan Satellite Launch Center, China","Tue Sep 16, 2003",Kaituozhe 1 | PS 2,StatusRetired,Failure
Lockheed,"SLC-40, Cape Canaveral AFS, Florida, USA","Tue Sep 09, 2003 04:29 UTC",Titan IV(401)B | NROL-19 (Mentor),StatusRetired,Success
Boeing,"SLC-37B, Cape Canaveral AFS, Florida, USA","Fri Aug 29, 2003 23:13 UTC",Delta IV Medium | DSCS-3 B6,StatusRetired,Success
AEB,"VLS Pad, Alc?›ntara Launch Center, Maranh?œo, Brazil","Mon Aug 25, 2003","VLS-1 | SATEC, UNOSAT",StatusActive,Prelaunch Failure
Boeing,"SLC-17B, Cape Canaveral AFS, Florida, USA","Mon Aug 25, 2003 05:35 UTC",Delta II 7920H | Spitzer Space Telescope,StatusRetired,Success
VKS RF,"Site 132/1, Plesetsk Cosmodrome, Russia","Tue Aug 19, 2003 10:50 UTC",Cosmos-3M (11K65M) | Cosmos 2400 and 2401,StatusRetired,Success
Northrop,"Stargazer, Vandenberg AFB, California, USA","Wed Aug 13, 2003 02:09 UTC",Pegasus XL | SCISAT-1,StatusActive,Success
Sea Launch,"LP Odyssey, Kiritimati Launch Area, Pacific Ocean","Fri Aug 08, 2003",Zenit-3 SL | EchoStar 9,StatusActive,Success
ILS,"SLC-41, Cape Canaveral AFS, Florida, USA","Thu Jul 17, 2003 23:45 UTC",Atlas V 521 | Rainbow 1,StatusActive,Success
Boeing,"SLC-17B, Cape Canaveral AFS, Florida, USA","Tue Jul 08, 2003 03:18 UTC",Delta II 7925H | Opportunity,StatusRetired,Success
Eurockot,"Site 133/3, Plesetsk Cosmodrome, Russia","Mon Jun 30, 2003 14:15 UTC",Rokot/Briz KM | Monitor-E GVM & Others,StatusRetired,Success
Northrop,"Stargazer, Vandenberg AFB, California, USA","Thu Jun 26, 2003 18:55 UTC",Pegasus XL | OrbView-3,StatusActive,Success
VKS RF,"Site 16/2, Plesetsk Cosmodrome, Russia","Thu Jun 19, 2003 20:00 UTC",Molniya-M /Block ML | Molniya-3 n†­173,StatusRetired,Success
Arianespace,"ELA-3, Guiana Space Centre, French Guiana, France","Wed Jun 11, 2003 22:38 UTC",Ariane 5 G | Optus C1 & BSAT-2c,StatusRetired,Success
Boeing,"SLC-17A, Cape Canaveral AFS, Florida, USA","Tue Jun 10, 2003 17:58 UTC",Delta II 7925 | Spirit,StatusRetired,Success
Sea Launch,"LP Odyssey, Kiritimati Launch Area, Pacific Ocean","Tue Jun 10, 2003 13:55 UTC",Zenit-3 SL | Thuraya-2,StatusActive,Success
VKS RF,"Site 132/1, Plesetsk Cosmodrome, Russia","Wed Jun 04, 2003 19:23 UTC",Cosmos-3M (11K65M) | Cosmos 2398,StatusRetired,Success
Starsem,"Site 31/6, Baikonur Cosmodrome, Kazakhstan","Mon Jun 02, 2003 17:45 UTC",Soyuz FG/Fregat | Mars Express,StatusRetired,Success
CASC,"LC-2, Xichang Satellite Launch Center, China","Sat May 24, 2003 16:34 UTC",Long March 3A | Beidou-1C,StatusActive,Success
ILS,"SLC-41, Cape Canaveral AFS, Florida, USA","Tue May 13, 2003 22:10 UTC",Atlas V 401 | HellasSat-2,StatusActive,Success
ISAS,"Mu Pad, Uchinoura Space Center, Japan","Fri May 09, 2003 04:29 UTC",Mu-V / M-25 | Hayabusa,StatusRetired,Success
ISRO,"First Launch Pad, Satish Dhawan Space Centre, India","Thu May 08, 2003 11:28 UTC",GSLV Mk I | GSAT-2,StatusRetired,Success
Northrop,"Stargazer, Cape Canaveral AFS, Florida, USA","Mon Apr 28, 2003 12:00 UTC",Pegasus XL | GALEX,StatusActive,Success
ILS,"SLC-36B, Cape Canaveral AFS, Florida, USA","Sat Apr 12, 2003 00:47 UTC",Atlas IIIB | AsiaSat 4,StatusRetired,Success
Arianespace,"ELA-3, Guiana Space Centre, French Guiana, France","Wed Apr 09, 2003 22:52 UTC",Ariane 5 G | INSAT-3A & Galaxy 12,StatusRetired,Success
Lockheed,"SLC-40, Cape Canaveral AFS, Florida, USA","Tue Apr 08, 2003 13:43 UTC",Titan IV(401)B | Milstar DFS-6,StatusRetired,Success
VKS RF,"Site 16/2, Plesetsk Cosmodrome, Russia","Wed Apr 02, 2003 01:53 UTC",Molniya-M /Block ML | Molniya-1T n†­172,StatusRetired,Success
Boeing,"SLC-17A, Cape Canaveral AFS, Florida, USA","Mon Mar 31, 2003 22:09 UTC",Delta II 7925 | GPS IIR-9,StatusRetired,Success
MHI,"LA-Y1, Tanegashima Space Center, Japan","Fri Mar 28, 2003 01:27 UTC","H-IIA 2024 | IGS-Optical 1, IGS-Radar 1",StatusRetired,Success
Boeing,"SLC-37B, Cape Canaveral AFS, Florida, USA","Tue Mar 11, 2003 00:59 UTC",Delta IV Medium | DSCS-3 A3,StatusRetired,Success
Arianespace,"ELA-2, Guiana Space Centre, French Guiana, France","Sat Feb 15, 2003 07:00 UTC",Ariane 44L | Intelsat 907,StatusRetired,Success
Boeing,"SLC-17B, Cape Canaveral AFS, Florida, USA","Wed Jan 29, 2003 18:06 UTC",Delta II 7925 | GPS IIR-8,StatusRetired,Success
Northrop,"Stargazer, Cape Canaveral AFS, Florida, USA","Sat Jan 25, 2003 20:13 UTC",Pegasus XL | SORCE,StatusActive,Success
NASA,"LC-39A, Kennedy Space Center, Florida, USA","Thu Jan 16, 2003 15:39 UTC",Space Shuttle Columbia | STS-107,StatusRetired,Failure
Boeing,"SLC-2W, Vandenberg AFB, California, USA","Mon Jan 13, 2003 00:45 UTC",Delta II 7320-10C | ICESat / CHIPSat,StatusRetired,Success
Lockheed,"SLC-4W, Vandenberg AFB, California, USA","Mon Jan 06, 2003 14:19 UTC",Titan II(23)G | Coriolis,StatusRetired,Success
CASC,"Site 901 (SLS-1), Jiuquan Satellite Launch Center, China","Sun Dec 29, 2002 16:40 UTC",Long March 2F | Shenzhou 4,StatusActive,Success
VKS RF,"Site 16/2, Plesetsk Cosmodrome, Russia","Tue Dec 24, 2002 12:20 UTC",Molniya-M /Block 2BL | Cosmos 2393,StatusRetired,Success
Kosmotras,"Site 109/95, Baikonur Cosmodrome, Kazakhstan","Fri Dec 20, 2002",Dnepr | Rubin 2 & Others,StatusRetired,Success
Arianespace,"ELA-2, Guiana Space Centre, French Guiana, France","Tue Dec 17, 2002 23:04 UTC",Ariane 44L | NSS-6,StatusRetired,Success
MHI,"LA-Y1, Tanegashima Space Center, Japan","Sat Dec 14, 2002 01:31 UTC","H-IIA 202 | Midori 2, WEOS & Others",StatusActive,Success
Arianespace,"ELA-3, Guiana Space Centre, French Guiana, France","Wed Dec 11, 2002 22:22 UTC","Ariane 5 ECA | Hot Bird 7, Stentor, MFD-A, MFD-B",StatusActive,Failure
Lockheed,"SLC-36A, Cape Canaveral AFS, Florida, USA","Thu Dec 05, 2002 02:42 UTC",Atlas IIA | TDRS-J,StatusRetired,Success
VKS RF,"Site 132/1, Plesetsk Cosmodrome, Russia","Thu Nov 28, 2002 06:07 UTC","Cosmos-3M (11K65M) | AlSat 1, Mozhayets 4 & Rubin 3-DSI",StatusRetired,Success
NASA,"LC-39A, Kennedy Space Center, Florida, USA","Sun Nov 24, 2002 00:49 UTC",Space Shuttle Endeavour | STS-113,StatusRetired,Success
Boeing,"SLC-37B, Cape Canaveral AFS, Florida, USA","Wed Nov 20, 2002 22:39 UTC","Delta IV Medium+ (4,2) | Eutelsat W5",StatusRetired,Success
CASC,"LC-7, Taiyuan Satellite Launch Center, China","Sun Oct 27, 2002 03:17 UTC",Long March 4B | Ziyuan ll-02,StatusActive,Success
NASA,"LC-39B, Kennedy Space Center, Florida, USA","Mon Oct 07, 2002 19:45 UTC",Space Shuttle Atlantis | STS-112,StatusRetired,Success
VKS RF,"Site 132/1, Plesetsk Cosmodrome, Russia","Thu Sep 26, 2002 14:27 UTC",Cosmos-3M (11K65M) | Nadiezhda-M n†­1,StatusRetired,Success
ILS,"SLC-36A, Cape Canaveral AFS, Florida, USA","Wed Sep 18, 2002 22:04 UTC",Atlas IIAS | Hispasat 1D,StatusRetired,Success
CASIC,"Taiyuan Satellite Launch Center, China","Sun Sep 15, 2002",Kaituozhe 1 | PS 1,StatusRetired,Failure
ISRO,"First Launch Pad, Satish Dhawan Space Centre, India","Thu Sep 12, 2002 10:23 UTC",PSLV-G | C4 - MetSat-1 (Kalpana-1),StatusRetired,Success
MHI,"LA-Y1, Tanegashima Space Center, Japan","Tue Sep 10, 2002 08:20 UTC",H-IIA 2024 | USERS & Kodama,StatusRetired,Success
Arianespace,"ELA-2, Guiana Space Centre, French Guiana, France","Fri Sep 06, 2002 06:44 UTC",Ariane 44L | Intelsat 906,StatusRetired,Success
Arianespace,"ELA-3, Guiana Space Centre, French Guiana, France","Wed Aug 28, 2002 22:45 UTC","Ariane 5 G | Atlantic Bird 1, MSG-1, MFD",StatusRetired,Success
ILS,"SLC-41, Cape Canaveral AFS, Florida, USA","Wed Aug 21, 2002 22:05 UTC",Atlas V 401 | Hot Bird 6,StatusActive,Success
VKS RF,"Site 132/1, Plesetsk Cosmodrome, Russia","Mon Jul 08, 2002 06:35 UTC",Cosmos-3M (11K65M) | Cosmos 2390 and 2391,StatusRetired,Success
Arianespace,"ELA-2, Guiana Space Centre, French Guiana, France","Fri Jul 05, 2002 23:02 UTC","Ariane 42P | SPOT-5, IDEFIX",StatusRetired,Success
Boeing,"SLC-17A, Cape Canaveral AFS, Florida, USA","Wed Jul 03, 2002 06:47 UTC",Delta II 7425 | CONTOUR,StatusRetired,Success
Arianespace,"ELA-3, Guiana Space Centre, French Guiana, France","Tue Jul 02, 2002 23:22 UTC",Ariane 5 G | Stellat-5 & NStar-C,StatusRetired,Success
Lockheed,"SLC-4W, Vandenberg AFB, California, USA","Mon Jun 24, 2002 18:23 UTC",Titan II(23)G | NOAA-17,StatusRetired,Success
Eurockot,"Site 133/3, Plesetsk Cosmodrome, Russia","Thu Jun 20, 2002 09:33 UTC",Rokot/Briz KM | Iridium SV97 and SV98,StatusRetired,Success
Sea Launch,"LP Odyssey, Kiritimati Launch Area, Pacific Ocean","Sat Jun 15, 2002 22:39 UTC",Zenit-3 SL | Galaxy IIIC,StatusActive,Success
NASA,"LC-39A, Kennedy Space Center, Florida, USA","Wed Jun 05, 2002 21:22 UTC",Space Shuttle Endeavour | STS-111,StatusRetired,Success
Arianespace,"ELA-2, Guiana Space Centre, French Guiana, France","Wed Jun 05, 2002 06:44 UTC",Ariane 44L | Intelsat 905,StatusRetired,Success
IAI,"Pad 1, Palmachim Airbase, Israel","Tue May 28, 2002",Shavit-1 | Ofek-5,StatusRetired,Success
VKS RF,"Site 132/1, Plesetsk Cosmodrome, Russia","Tue May 28, 2002 08:14 UTC",Cosmos-3M (11K65M) | Cosmos 2389,StatusRetired,Success
CASC,"LC-7, Taiyuan Satellite Launch Center, China","Wed May 15, 2002 01:50 UTC",Long March 4B | Fengyun-1D & Haiyang-1A,StatusActive,Success
Boeing,"SLC-2W, Vandenberg AFB, California, USA","Sat May 04, 2002 09:54 UTC",Delta II 7920-10C | Aqua,StatusRetired,Success
Arianespace,"ELA-2, Guiana Space Centre, French Guiana, France","Tue Apr 16, 2002 23:02 UTC",Ariane 44L | NSS-7,StatusRetired,Success
NASA,"LC-39B, Kennedy Space Center, Florida, USA","Mon Apr 08, 2002 20:44 UTC",Space Shuttle Atlantis | STS-110,StatusRetired,Success
VKS RF,"Site 16/2, Plesetsk Cosmodrome, Russia","Mon Apr 01, 2002 22:06 UTC",Molniya-M /Block 2BL | Cosmos 2388,StatusRetired,Success
Arianespace,"ELA-2, Guiana Space Centre, French Guiana, France","Fri Mar 29, 2002 01:29 UTC","Ariane 44L | Astra 3A, JCSAT-8",StatusRetired,Success
CASC,"Site 901 (SLS-1), Jiuquan Satellite Launch Center, China","Mon Mar 25, 2002 14:15 UTC",Long March 2F | Shenzhou 3,StatusActive,Success
Eurockot,"Site 133/3, Plesetsk Cosmodrome, Russia","Sun Mar 17, 2002 09:21 UTC",Rokot/Briz KM | GRACE 1 & 2,StatusRetired,Success
Lockheed,"SLC-36A, Cape Canaveral AFS, Florida, USA","Fri Mar 08, 2002 22:59 UTC",Atlas IIA | TDRS-I,StatusRetired,Success
NASA,"LC-39A, Kennedy Space Center, Florida, USA","Fri Mar 01, 2002 11:22 UTC",Space Shuttle Columbia | STS-109,StatusRetired,Success
Arianespace,"ELA-3, Guiana Space Centre, French Guiana, France","Fri Mar 01, 2002 01:07 UTC",Ariane 5 G | Envisat,StatusRetired,Success
Arianespace,"ELA-2, Guiana Space Centre, French Guiana, France","Sat Feb 23, 2002 06:59 UTC",Ariane 44L | Intelsat 904,StatusRetired,Success
ILS,"SLC-36B, Cape Canaveral AFS, Florida, USA","Thu Feb 21, 2002 12:43 UTC",Atlas IIIB | EchoStar VII,StatusRetired,Success
Boeing,"SLC-2W, Vandenberg AFB, California, USA","Mon Feb 11, 2002 17:43 UTC",Delta II 7920-10C | Iridium IS-1,StatusRetired,Success
Northrop,"Stargazer, Cape Canaveral AFS, Florida, USA","Tue Feb 05, 2002 20:58 UTC",Pegasus XL | RHESSI,StatusActive,Success
MHI,"LA-Y1, Tanegashima Space Center, Japan","Mon Feb 04, 2002 02:45 UTC","H-IIA 2024 | VEP 3, Tsubasa & DASH",StatusRetired,Success
Arianespace,"ELA-2, Guiana Space Centre, French Guiana, France","Wed Jan 23, 2002 23:46 UTC",Ariane 42L | Insat 3C,StatusRetired,Success
Lockheed,"SLC-40, Cape Canaveral AFS, Florida, USA","Wed Jan 16, 2002 00:30 UTC",Titan IV(401)B | Milstar DFS-5,StatusRetired,Success
VKS RF,"Site 32/1, Plesetsk Cosmodrome, Russia","Fri Dec 28, 2001 03:24 UTC",Tsyklon-3 | Cosmos 2384 to 2386 & Gonets 10 to 12,StatusRetired,Success
VKS RF,"Site 90/20, Baikonur Cosmodrome, Kazakhstan","Fri Dec 21, 2001 04:00 UTC",Tsyklon-2 | Cosmos 2383,StatusRetired,Success
VKS RF,"Site 45/1, Baikonur Cosmodrome, Kazakhstan","Mon Dec 10, 2001 17:18 UTC",Zenit-2 | Meteor 3M n†­1 & Others,StatusRetired,Success
Boeing,"SLC-2W, Vandenberg AFB, California, USA","Fri Dec 07, 2001 15:07 UTC",Delta II 7920-10C | Jason-1 / TIMED,StatusRetired,Success
NASA,"LC-39B, Kennedy Space Center, Florida, USA","Wed Dec 05, 2001 22:19 UTC",Space Shuttle Endeavour | STS-108,StatusRetired,Success
Arianespace,"ELA-2, Guiana Space Centre, French Guiana, France","Tue Nov 27, 2001 05:59 UTC",Ariane 44LP | DirecTV-4S,StatusRetired,Success
VKS RF,"Site 43/3, Plesetsk Cosmodrome, Russia","Thu Oct 25, 2001 11:34 UTC",Molniya-M /Block ML | Molniya-3 n†­171,StatusRetired,Success
ISRO,"First Launch Pad, Satish Dhawan Space Centre, India","Mon Oct 22, 2001 10:23 UTC","PSLV-G | TES, BIRD & PROBA",StatusRetired,Success
Boeing,"SLC-2W, Vandenberg AFB, California, USA","Thu Oct 18, 2001 18:51 UTC",Delta II 7320-10C | QuickBird,StatusRetired,Success
Lockheed,"SLC-36B, Cape Canaveral AFS, Florida, USA","Thu Oct 11, 2001 02:32 UTC",Atlas IIAS | NROL-12,StatusRetired,Success
Lockheed,"SLC-4E, Vandenberg AFB, California, USA","Fri Oct 05, 2001 21:21 UTC",Titan IV(404)B | NROL-14 (KH-11 Kennen),StatusRetired,Success
Lockheed,"LP-1, Pacific Spaceport Complex, Alaska, USA","Sun Sep 30, 2001 02:40 UTC",Athena I | Starshine 3 & Others,StatusRetired,Success
Arianespace,"ELA-2, Guiana Space Centre, French Guiana, France","Tue Sep 25, 2001 23:21 UTC",Ariane 44P | Atlantic Bird 2,StatusRetired,Success
Northrop,"SLC-576E, Vandenberg AFB, California, USA","Fri Sep 21, 2001 18:49 UTC",Minotaur C (Taurus) | Orbview-4/QuikTOMS,StatusActive,Failure
Lockheed,"SLC-3E, Vandenberg AFB, California, USA","Sun Sep 09, 2001 15:25 UTC",Atlas IIAS | NROL-13 (Intruder FA & 5B),StatusRetired,Success
Arianespace,"ELA-2, Guiana Space Centre, French Guiana, France","Thu Aug 30, 2001 06:46 UTC",Ariane 44L | Intelsat 902,StatusRetired,Success
MHI,"LA-Y1, Tanegashima Space Center, Japan","Wed Aug 29, 2001 07:00 UTC",H-IIA 202 | VEP 2 & LRE,StatusActive,Success
NASA,"LC-39A, Kennedy Space Center, Florida, USA","Fri Aug 10, 2001 21:10 UTC",Space Shuttle Discovery | STS-105,StatusRetired,Success
Boeing,"SLC-17A, Cape Canaveral AFS, Florida, USA","Wed Aug 08, 2001 16:13 UTC",Delta II 7326 | Genesis Probe,StatusRetired,Success
Lockheed,"SLC-40, Cape Canaveral AFS, Florida, USA","Mon Aug 06, 2001 07:28 UTC",Titan IV(402)B | DSP,StatusRetired,Success
Lockheed,"SLC-36A, Cape Canaveral AFS, Florida, USA","Mon Jul 23, 2001 07:23 UTC",Atlas IIA | GOES-M,StatusRetired,Success
VKS RF,"Site 43/4, Plesetsk Cosmodrome, Russia","Fri Jul 20, 2001 00:17 UTC",Molniya-M /Block ML | Molniya-3K n†­170,StatusRetired,Success
Arianespace,"ELA-3, Guiana Space Centre, French Guiana, France","Thu Jul 12, 2001 21:58 UTC",Ariane 5 G | Artemis & BSAT-2b,StatusRetired,Partial Failure
NASA,"LC-39B, Kennedy Space Center, Florida, USA","Thu Jul 12, 2001 09:03 UTC",Space Shuttle Atlantis | STS-104,StatusRetired,Success
Boeing,"SLC-17A, Cape Canaveral AFS, Florida, USA","Sat Jun 30, 2001 19:46 UTC",Delta II 7425-10C | WMAP,StatusRetired,Success
ILS,"SLC-36B, Cape Canaveral AFS, Florida, USA","Tue Jun 19, 2001 04:41 UTC",Atlas IIAS | ICO F2,StatusRetired,Success
Arianespace,"ELA-2, Guiana Space Centre, French Guiana, France","Sat Jun 09, 2001 06:45 UTC",Ariane 44L | Intelsat 901,StatusRetired,Success
VKS RF,"Site 132/1, Plesetsk Cosmodrome, Russia","Fri Jun 08, 2001 15:08 UTC",Cosmos-3M (11K65M) | Cosmos 2378,StatusRetired,Success
Boeing,"SLC-17B, Cape Canaveral AFS, Florida, USA","Fri May 18, 2001 17:45 UTC",Delta II 7925 | NROL-17 (GeoLITE),StatusRetired,Success
Sea Launch,"LP Odyssey, Kiritimati Launch Area, Pacific Ocean","Tue May 08, 2001",Zenit-3 SL | XM-1,StatusActive,Success
NASA,"LC-39A, Kennedy Space Center, Florida, USA","Thu Apr 19, 2001 18:40 UTC",Space Shuttle Endeavour | STS-100,StatusRetired,Success
ISRO,"First Launch Pad, Satish Dhawan Space Centre, India","Wed Apr 18, 2001 10:13 UTC",GSLV Mk I | GSAT-1,StatusRetired,Partial Failure
Boeing,"SLC-17A, Cape Canaveral AFS, Florida, USA","Sat Apr 07, 2001 15:02 UTC",Delta II 7925 | Mars Odyssey,StatusRetired,Success
Sea Launch,"LP Odyssey, Kiritimati Launch Area, Pacific Ocean","Sun Mar 18, 2001 22:33 UTC",Zenit-3 SL | XM-2,StatusActive,Success
Arianespace,"ELA-3, Guiana Space Centre, French Guiana, France","Thu Mar 08, 2001 22:51 UTC",Ariane 5 G | Eurobird-1 & BSat-2a,StatusRetired,Success
NASA,"LC-39B, Kennedy Space Center, Florida, USA","Thu Mar 08, 2001 11:42 UTC",Space Shuttle Discovery | STS-102,StatusRetired,Success
Lockheed,"SLC-40, Cape Canaveral AFS, Florida, USA","Tue Feb 27, 2001 21:20 UTC",Titan IV(401)B | Milstar DFS-4,StatusRetired,Success
MITT,"Svobodny Cosmodrome, Russia","Tue Feb 20, 2001 08:48 UTC",Start-1 | Odin,StatusActive,Success
NASA,"LC-39A, Kennedy Space Center, Florida, USA","Wed Feb 07, 2001 23:13 UTC",Space Shuttle Atlantis | STS-98,StatusRetired,Success
Arianespace,"ELA-2, Guiana Space Centre, French Guiana, France","Wed Feb 07, 2001 23:05 UTC","Ariane 44L | Sicral-1, Skynet 4F",StatusRetired,Success
Boeing,"SLC-17A, Cape Canaveral AFS, Florida, USA","Tue Jan 30, 2001 07:55 UTC",Delta II 7925 | GPS IIR-7,StatusRetired,Success
Arianespace,"ELA-2, Guiana Space Centre, French Guiana, France","Wed Jan 10, 2001 22:09 UTC",Ariane 44P | Turksat 2A,StatusRetired,Success
CASC,"Site 901 (SLS-1), Jiuquan Satellite Launch Center, China","Tue Jan 09, 2001 17:00 UTC",Long March 2F | Shenzhou 2,StatusActive,Success
VKS RF,"Site 32/1, Plesetsk Cosmodrome, Russia","Wed Dec 27, 2000 18:56 UTC",Tsyklon-3 | Cosmos 2377 to 2379 & Gonets 7 to 9,StatusRetired,Failure
CASC,"LC-2, Xichang Satellite Launch Center, China","Wed Dec 20, 2000 16:20 UTC",Long March 3A | Beidou-1B,StatusActive,Success
Arianespace,"ELA-3, Guiana Space Centre, French Guiana, France","Wed Dec 20, 2000 00:26 UTC","Ariane 5 G | Astra 2D, GE-8, LDREX",StatusRetired,Success
Lockheed,"SLC-36A, Cape Canaveral AFS, Florida, USA","Wed Dec 06, 2000 02:47 UTC",Atlas IIAS | NROL-10,StatusRetired,Success
MITT,"Svobodny Cosmodrome, Russia","Tue Dec 05, 2000 12:32 UTC",Start-1 | EROS A,StatusActive,Success
NASA,"LC-39B, Kennedy Space Center, Florida, USA","Thu Nov 30, 2000 03:06 UTC",Space Shuttle Endeavour | STS-97,StatusRetired,Success
Arianespace,"ELA-2, Guiana Space Centre, French Guiana, France","Tue Nov 21, 2000 23:56 UTC",Ariane 44L | Anik F1,StatusRetired,Success
Boeing,"SLC-2W, Vandenberg AFB, California, USA","Tue Nov 21, 2000 18:24 UTC",Delta II 7320-10C | EO-1 / SAC-C,StatusRetired,Success
VKS RF,"Site 132/1, Plesetsk Cosmodrome, Russia","Mon Nov 20, 2000 23:00 UTC",Cosmos-3M (11K65M) | QuickBird-1,StatusRetired,Failure
Arianespace,"ELA-3, Guiana Space Centre, French Guiana, France","Thu Nov 16, 2000 01:07 UTC","Ariane 5 G | PanAmSat-1R, Amsat-P3D, STRV 1C, STRV 1D",StatusRetired,Success
Boeing,"SLC-17A, Cape Canaveral AFS, Florida, USA","Fri Nov 10, 2000 17:14 UTC",Delta II 7925 | GPS IIR-6,StatusRetired,Success
CASC,"LC-2, Xichang Satellite Launch Center, China","Mon Oct 30, 2000 16:02 UTC",Long March 3A | Beidou-1A,StatusActive,Success
Arianespace,"ELA-2, Guiana Space Centre, French Guiana, France","Sun Oct 29, 2000 05:59 UTC",Ariane 44LP | EuropeStar F1,StatusRetired,Success
Sea Launch,"LP Odyssey, Kiritimati Launch Area, Pacific Ocean","Sat Oct 21, 2000 05:51 UTC",Zenit-3 SL | Thuraya 1,StatusActive,Success
Lockheed,"SLC-36A, Cape Canaveral AFS, Florida, USA","Fri Oct 20, 2000 00:40 UTC",Atlas IIA | DSCS III-B11,StatusRetired,Success
NASA,"LC-39A, Kennedy Space Center, Florida, USA","Wed Oct 11, 2000 23:17 UTC",Space Shuttle Discovery | STS-92,StatusRetired,Success
Northrop,"Stargazer, Ronald Reagan Ballistic Missile Defense Test Site, Marshall Islands, USA","Mon Oct 09, 2000 05:38 UTC",Pegasus | HETE 2,StatusRetired,Success
Arianespace,"ELA-2, Guiana Space Centre, French Guiana, France","Fri Oct 06, 2000 23:00 UTC",Ariane 42L | N-SAT 110,StatusRetired,Success
Kosmotras,"Site 109/95, Baikonur Cosmodrome, Kazakhstan","Tue Sep 26, 2000 10:05 UTC",Dnepr | Megsat 1 & Others,StatusRetired,Success
VKS RF,"Site 45/1, Baikonur Cosmodrome, Kazakhstan","Mon Sep 25, 2000 10:10 UTC",Zenit-2 | Cosmos 2372,StatusRetired,Success
Lockheed,"SLC-4W, Vandenberg AFB, California, USA","Thu Sep 21, 2000 10:22 UTC",Titan II(23)G | NOAA-16,StatusRetired,Success
Arianespace,"ELA-3, Guiana Space Centre, French Guiana, France","Thu Sep 14, 2000 22:54 UTC",Ariane 5 G | Astra 2B & GE-7,StatusRetired,Success
NASA,"LC-39B, Kennedy Space Center, Florida, USA","Fri Sep 08, 2000 12:45 UTC",Space Shuttle Atlantis | STS-106,StatusRetired,Success
Arianespace,"ELA-2, Guiana Space Centre, French Guiana, France","Wed Sep 06, 2000 22:33 UTC",Ariane 44P | Eutelsat W1,StatusRetired,Success
Boeing,"SLC-17B, Cape Canaveral AFS, Florida, USA","Wed Aug 23, 2000 11:05 UTC",Delta III 8930 | DM F3,StatusRetired,Success
Lockheed,"SLC-4E, Vandenberg AFB, California, USA","Thu Aug 17, 2000 23:45 UTC",Titan IV(403)B | NROL-11 (Onyx),StatusRetired,Success
Arianespace,"ELA-2, Guiana Space Centre, French Guiana, France","Thu Aug 17, 2000 23:16 UTC","Ariane 44LP | Brasilsat B4, Nilesat 102",StatusRetired,Success
Sea Launch,"LP Odyssey, Kiritimati Launch Area, Pacific Ocean","Fri Jul 28, 2000 22:41 UTC",Zenit-3 SL | PAS 9,StatusActive,Success
Northrop,"SLC-8, Vandenberg AFB, California, USA","Wed Jul 19, 2000 20:09 UTC",Minotaur I | MightySat 2.1,StatusActive,Success
Boeing,"SLC-17A, Cape Canaveral AFS, Florida, USA","Sun Jul 16, 2000 09:17 UTC",Delta II 7925 | GPS IIR-5,StatusRetired,Success
VKS RF,"Site 132/1, Plesetsk Cosmodrome, Russia","Sat Jul 15, 2000 12:00 UTC","Cosmos-3M (11K65M) | CHAMP, MITA & Rubin 1",StatusRetired,Success
ILS,"SLC-36B, Cape Canaveral AFS, Florida, USA","Fri Jul 14, 2000 05:21 UTC",Atlas IIAS | Echostar 6,StatusRetired,Success
Lockheed,"SLC-36A, Cape Canaveral AFS, Florida, USA","Fri Jun 30, 2000 12:56 UTC",Atlas IIA | TDRS-H,StatusRetired,Success
VKS RF,"Site 132/1, Plesetsk Cosmodrome, Russia","Wed Jun 28, 2000 10:37 UTC","Cosmos-3M (11K65M) | Nadiezhda n†­9, Tsinghua-1 & SNAP-1",StatusRetired,Success
CASC,"LC-3, Xichang Satellite Launch Center, China","Sun Jun 25, 2000 11:50 UTC",Long March 3 | Fengyun-2B,StatusRetired,Success
Northrop,"Stargazer, Vandenberg AFB, California, USA","Wed Jun 07, 2000 13:19 UTC",Pegasus XL | TSX-5,StatusActive,Success
ILS,"SLC-36B, Cape Canaveral AFS, Florida, USA","Wed May 24, 2000 23:10 UTC",Atlas IIIA | Eutelsat W4,StatusRetired,Success
NASA,"LC-39A, Kennedy Space Center, Florida, USA","Fri May 19, 2000 10:11 UTC",Space Shuttle Atlantis | STS-101,StatusRetired,Success
Eurockot,"Site 133/3, Plesetsk Cosmodrome, Russia","Tue May 16, 2000 08:27 UTC",Rokot/Briz KM | SimSat 1 & 2 (Iridium),StatusRetired,Success
Boeing,"SLC-17A, Cape Canaveral AFS, Florida, USA","Thu May 11, 2000 01:48 UTC",Delta II 7925 | GPS IIR-4,StatusRetired,Success
Lockheed,"SLC-40, Cape Canaveral AFS, Florida, USA","Mon May 08, 2000 16:01 UTC",Titan IV(402)B | DSP,StatusRetired,Success
Lockheed,"SLC-36A, Cape Canaveral AFS, Florida, USA","Wed May 03, 2000 07:07 UTC",Atlas IIA | GOES-L,StatusRetired,Success
Arianespace,"ELA-3, Guiana Space Centre, French Guiana, France","Wed Apr 19, 2000 00:29 UTC",Ariane 42L | Galaxy 4R,StatusRetired,Success
Boeing,"SLC-2W, Vandenberg AFB, California, USA","Sat Mar 25, 2000 20:34 UTC",Delta II 7326 | IMAGE,StatusRetired,Success
Arianespace,"ELA-3, Guiana Space Centre, French Guiana, France","Tue Mar 21, 2000 23:28 UTC",Ariane 5 G | INSAT-3B & AsiaStar,StatusRetired,Success
Sea Launch,"LP Odyssey, Kiritimati Launch Area, Pacific Ocean","Sun Mar 12, 2000 14:49 UTC",Zenit-3 SL | ICO F-1,StatusActive,Failure
Northrop,"SLC-576E, Vandenberg AFB, California, USA","Sun Mar 12, 2000 09:29 UTC",Minotaur C (Taurus) | Multispectral Thermal Imager (MTI),StatusActive,Success
VKS RF,"Site 45/1, Baikonur Cosmodrome, Kazakhstan","Thu Mar 02, 2000 09:26 UTC",Zenit-2 | Cosmos 2369,StatusRetired,Success
Arianespace,"ELA-2, Guiana Space Centre, French Guiana, France","Fri Feb 18, 2000 01:04 UTC",Ariane 44LP | Superbird 4,StatusRetired,Success
NASA,"LC-39A, Kennedy Space Center, Florida, USA","Fri Feb 11, 2000 16:43 UTC",Space Shuttle Endeavour | STS-99,StatusRetired,Success
ISAS,"Mu Pad, Uchinoura Space Center, Japan","Thu Feb 10, 2000 01:30 UTC",Mu-V / M-24 | Astro E,StatusRetired,Failure
Boeing,"SLC-17B, Cape Canaveral AFS, Florida, USA","Tue Feb 08, 2000 21:24 UTC",Delta II 7920-10C | Globalstar 7,StatusRetired,Success
ILS,"SLC-36B, Cape Canaveral AFS, Florida, USA","Thu Feb 03, 2000 23:30 UTC",Atlas IIAS | Hispasat 1C,StatusRetired,Success
Northrop,"SLC-8, Vandenberg AFB, California, USA","Thu Jan 27, 2000 03:03 UTC",Minotaur I | JAWSat,StatusActive,Success
CASC,"LC-2, Xichang Satellite Launch Center, China","Tue Jan 25, 2000 16:45 UTC",Long March 3A | ChinaSat-22,StatusActive,Success
Arianespace,"ELA-2, Guiana Space Centre, French Guiana, France","Tue Jan 25, 2000 01:04 UTC",Ariane 42L | Galaxy 10R,StatusRetired,Success
Lockheed,"SLC-36A, Cape Canaveral AFS, Florida, USA","Fri Jan 21, 2000 01:03 UTC",Atlas IIA | DSCS IIIB-8,StatusRetired,Success
Northrop,"SLC-576E, Vandenberg AFB, California, USA","Fri Dec 31, 1999 07:13 UTC",Minotaur C (Taurus) | KOMPSAT & ACRIMSAT,StatusActive,Success
VKS RF,"Site 16/2, Plesetsk Cosmodrome, Russia","Mon Dec 27, 1999 19:12 UTC",Molniya-M /Block 2BL | Cosmos 2368,StatusRetired,Success
VKS RF,"Site 90/20, Baikonur Cosmodrome, Kazakhstan","Sun Dec 26, 1999 08:00 UTC",Tsyklon-2 | Cosmos 2367,StatusRetired,Success
Arianespace,"ELA-2, Guiana Space Centre, French Guiana, France","Wed Dec 22, 1999 00:50 UTC",Ariane 44L | Galaxy-11,StatusRetired,Success
NASA,"LC-39A, Kennedy Space Center, Florida, USA","Mon Dec 20, 1999 00:50 UTC",Space Shuttle Discovery | STS-103,StatusRetired,Success
Lockheed,"SLC-3E, Vandenberg AFB, California, USA","Sat Dec 18, 1999 18:57 UTC",Atlas IIAS | Terra,StatusRetired,Success
Lockheed,"SLC-4W, Vandenberg AFB, California, USA","Sun Dec 12, 1999 17:36 UTC",Titan II(23)G | USA-147,StatusRetired,Success
AEB,"VLS Pad, Alc?›ntara Launch Center, Maranh?œo, Brazil","Sat Dec 11, 1999 19:40 UTC",VLS-1 | SACI-2,StatusActive,Failure
Arianespace,"ELA-3, Guiana Space Centre, French Guiana, France","Fri Dec 10, 1999 14:32 UTC",Ariane 5 G | XMM-Newton,StatusRetired,Success
Northrop,"Stargazer, Vandenberg AFB, California, USA","Sat Dec 04, 1999 18:53 UTC",Pegasus XL/HAPS | Orbcomm D1-D8,StatusActive,Success
Arianespace,"ELA-2, Guiana Space Centre, French Guiana, France","Fri Dec 03, 1999 16:22 UTC",Ariane 40 | Helios 1B & Cl??mentine,StatusRetired,Success
Lockheed,"SLC-36B, Cape Canaveral AFS, Florida, USA","Tue Nov 23, 1999 04:06 UTC",Atlas IIA | UHF F10,StatusRetired,Success
CASC,"Site 901 (SLS-1), Jiuquan Satellite Launch Center, China","Fri Nov 19, 1999 22:30 UTC",Long March 2F | Shenzhou 1,StatusActive,Success
MHI,"LA-Y1, Tanegashima Space Center, Japan","Mon Nov 15, 1999 07:29 UTC",H-IIS | Himawari 6,StatusRetired,Failure
Arianespace,"ELA-2, Guiana Space Centre, French Guiana, France","Sat Nov 13, 1999 22:54 UTC",Ariane 44LP | GE-4,StatusRetired,Success
Arianespace,"ELA-2, Guiana Space Centre, French Guiana, France","Tue Oct 19, 1999 06:22 UTC",Ariane 44LP | Orion 2,StatusRetired,Success
CASC,"LC-7, Taiyuan Satellite Launch Center, China","Thu Oct 14, 1999 03:15 UTC",Long March 4B | CBERS-1 & SACI 1,StatusActive,Success
Sea Launch,"LP Odyssey, Kiritimati Launch Area, Pacific Ocean","Sun Oct 10, 1999",Zenit-3 SL | DirecTV 1R,StatusActive,Success
Arianespace,"ELA-2, Guiana Space Centre, French Guiana, France","Sat Sep 25, 1999 06:29 UTC",Ariane 44LP | Telstar 7,StatusRetired,Success
Lockheed,"SLC-6, Vandenberg AFB, California, USA","Fri Sep 24, 1999 18:21 UTC",Athena II | Ikonos 1,StatusRetired,Success
ILS,"SLC-36A, Cape Canaveral AFS, Florida, USA","Thu Sep 23, 1999 06:02 UTC",Atlas IIAS | Echostar 5,StatusRetired,Success
Arianespace,"ELA-2, Guiana Space Centre, French Guiana, France","Sat Sep 04, 1999 22:34 UTC",Ariane 42P | Koreasat-3,StatusRetired,Success
VKS RF,"Site 132/1, Plesetsk Cosmodrome, Russia","Thu Aug 26, 1999 12:02 UTC",Cosmos-3M (11K65M) | Cosmos 2366,StatusRetired,Success
Boeing,"SLC-17B, Cape Canaveral AFS, Florida, USA","Tue Aug 17, 1999 04:37 UTC",Delta II 7420-10C | Globalstar 6,StatusRetired,Success
Arianespace,"ELA-2, Guiana Space Centre, French Guiana, France","Thu Aug 12, 1999 22:52 UTC",Ariane 42P | Telkom-1,StatusRetired,Success
Boeing,"SLC-17A, Cape Canaveral AFS, Florida, USA","Sat Aug 07, 1999 12:51 UTC",Delta II 7925 | USA-145 (GPS IIR-3),StatusRetired,Success
Boeing,"SLC-17A, Cape Canaveral AFS, Florida, USA","Sun Jul 25, 1999 07:46 UTC",Delta II 7420-10C | Globalstar 5,StatusRetired,Success
NASA,"LC-39B, Kennedy Space Center, Florida, USA","Fri Jul 23, 1999 04:31 UTC",Space Shuttle Columbia | STS-93,StatusRetired,Success
VKS RF,"Site 45/1, Baikonur Cosmodrome, Kazakhstan","Sat Jul 17, 1999 05:37 UTC",Zenit-2 | Okean-O n†­1,StatusRetired,Success
Boeing,"SLC-17B, Cape Canaveral AFS, Florida, USA","Sat Jul 10, 1999 08:45 UTC",Delta II 7420-10C | Globalstar 4,StatusRetired,Success
VKS RF,"Site 43/3, Plesetsk Cosmodrome, Russia","Thu Jul 08, 1999 08:45 UTC",Molniya-M /Block ML | Molniya-3 n†­169,StatusRetired,Success
Boeing,"SLC-17A, Cape Canaveral AFS, Florida, USA","Thu Jun 24, 1999 15:44 UTC",Delta II 7320-10C | FUSE,StatusRetired,Success
Lockheed,"SLC-4W, Vandenberg AFB, California, USA","Sun Jun 20, 1999 02:15 UTC",Titan II(23)G | QuikSCAT,StatusRetired,Success
CASC,"LC-7, Taiyuan Satellite Launch Center, China","Fri Jun 11, 1999 17:15 UTC",Long March 2C | Iridium 92 & 93,StatusActive,Success
Boeing,"SLC-17B, Cape Canaveral AFS, Florida, USA","Thu Jun 10, 1999 13:48 UTC",Delta II 7420-10C | Globalstar 3,StatusRetired,Success
ISRO,"First Launch Pad, Satish Dhawan Space Centre, India","Sat May 29, 1999 11:52 UTC","PSLV-G | IRS-P4, DLR-Tubsat, & Kitsat-3",StatusRetired,Success
NASA,"LC-39B, Kennedy Space Center, Florida, USA","Thu May 27, 1999 10:49 UTC",Space Shuttle Discovery | STS-96,StatusRetired,Success
Lockheed,"SLC-4E, Vandenberg AFB, California, USA","Sat May 22, 1999 09:36 UTC",Titan IV(404)B | NROL-9 (Misty),StatusRetired,Success
Northrop,"Stargazer, Vandenberg AFB, California, USA","Tue May 18, 1999 05:09 UTC",Pegasus XL/HAPS | TERRIERS & MUBLCOM,StatusActive,Success
CASC,"LC-7, Taiyuan Satellite Launch Center, China","Mon May 10, 1999 01:33 UTC",Long March 4B | Fengyun 1C & Shijian-5,StatusActive,Success
Boeing,"SLC-17B, Cape Canaveral AFS, Florida, USA","Wed May 05, 1999 01:00 UTC",Delta III 8930 | Orion 3,StatusRetired,Failure
Lockheed,"SLC-40, Cape Canaveral AFS, Florida, USA","Fri Apr 30, 1999 16:30 UTC",Titan IV(401)B | Milstar DFS-3m,StatusRetired,Failure
VKS RF,"Site 107/1, Kapustin Yar, Russia","Wed Apr 28, 1999",Cosmos-3M (11K65M) | ABRIXAS & Megsat 0,StatusRetired,Success
Lockheed,"SLC-6, Vandenberg AFB, California, USA","Tue Apr 27, 1999 18:22 UTC",Athena II | Ikonos,StatusRetired,Failure
Kosmotras,"Site 109/95, Baikonur Cosmodrome, Kazakhstan","Wed Apr 21, 1999",Dnepr | UoSat 12,StatusRetired,Success
Boeing,"SLC-2W, Vandenberg AFB, California, USA","Thu Apr 15, 1999 18:32 UTC",Delta II 7920-10 | Landsat 7,StatusRetired,Success
ILS,"SLC-36A, Cape Canaveral AFS, Florida, USA","Mon Apr 12, 1999 22:50 UTC",Atlas IIAS | Eutelsat W3,StatusRetired,Success
Lockheed,"SLC-41, Cape Canaveral AFS, Florida, USA","Fri Apr 09, 1999 17:01 UTC",Titan IV(402)B | DSP,StatusRetired,Failure
Arianespace,"ELA-2, Guiana Space Centre, French Guiana, France","Fri Apr 02, 1999 22:03 UTC",Ariane 42P | Insat-2E,StatusRetired,Success
Sea Launch,"LP Odyssey, Kiritimati Launch Area, Pacific Ocean","Sun Mar 28, 1999",Zenit-3 SL | DemoSat,StatusActive,Success
Northrop,"Stargazer, Vandenberg AFB, California, USA","Fri Mar 05, 1999 02:56 UTC",Pegasus XL | WIRE,StatusActive,Success
Arianespace,"ELA-2, Guiana Space Centre, French Guiana, France","Fri Feb 26, 1999 22:44 UTC","Ariane 44L | Arabsat-3A, Skynet 4E",StatusRetired,Success
Boeing,"SLC-2W, Vandenberg AFB, California, USA","Tue Feb 23, 1999 10:29 UTC","Delta II 7920-10 | ARGOS (P91-1 ARGOS), ?örsted and SUNSAT",StatusRetired,Success
ILS,"SLC-36A, Cape Canaveral AFS, Florida, USA","Tue Feb 16, 1999 01:45 UTC",Atlas IIAS | JCSAT-6,StatusRetired,Success
Boeing,"SLC-17A, Cape Canaveral AFS, Florida, USA","Sun Feb 07, 1999 21:04 UTC",Delta II 7426 | Stardust,StatusRetired,Success
Lockheed,"SLC-46, Cape Canaveral AFS, Florida, USA","Wed Jan 27, 1999 00:34 UTC",Athena I | ROCSAT 1,StatusRetired,Success
Boeing,"SLC-17B, Cape Canaveral AFS, Florida, USA","Sun Jan 03, 1999 20:21 UTC",Delta II 7425 | Mars Polar Lander,StatusRetired,Success
VKS RF,"Site 132/1, Plesetsk Cosmodrome, Russia","Thu Dec 24, 1998 20:02 UTC",Cosmos-3M (11K65M) | Cosmos 2361,StatusRetired,Success
Arianespace,"ELA-2, Guiana Space Centre, French Guiana, France","Tue Dec 22, 1998 01:08 UTC",Ariane 42L | Panamsat-6B,StatusRetired,Success
CASC,"LC-7, Taiyuan Satellite Launch Center, China","Sat Dec 19, 1998 11:39 UTC",Long March 2C | Iridium 88 & 89,StatusActive,Success
Boeing,"SLC-17A, Cape Canaveral AFS, Florida, USA","Fri Dec 11, 1998 18:45 UTC",Delta II 7425 | Mars Climate Orbiter,StatusRetired,Success
VKS RF,"Site 132/1, Plesetsk Cosmodrome, Russia","Thu Dec 10, 1998 11:57 UTC",Cosmos-3M (11K65M) | Nadiezhda n†­8 & Astrid 2,StatusRetired,Success
Northrop,"Stargazer, Vandenberg AFB, California, USA","Sun Dec 06, 1998 00:57 UTC",Pegasus XL | SWAS,StatusActive,Success
Arianespace,"ELA-2, Guiana Space Centre, French Guiana, France","Sun Dec 06, 1998 00:43 UTC",Ariane 42L | Satmex 5,StatusRetired,Success
NASA,"LC-39A, Kennedy Space Center, Florida, USA","Fri Dec 04, 1998 08:35 UTC",Space Shuttle Endeavour | STS-88,StatusRetired,Success
Boeing,"SLC-17B, Cape Canaveral AFS, Florida, USA","Sun Nov 22, 1998 23:54 UTC",Delta II 7925 | BONUM-1,StatusRetired,Success
Boeing,"SLC-2W, Vandenberg AFB, California, USA","Fri Nov 06, 1998 13:37 UTC",Delta II 7920-10C | MS-11,StatusRetired,Success
NASA,"LC-39B, Kennedy Space Center, Florida, USA","Thu Oct 29, 1998 19:19 UTC",Space Shuttle Discovery | STS-95,StatusRetired,Success
Arianespace,"ELA-2, Guiana Space Centre, French Guiana, France","Wed Oct 28, 1998 22:15 UTC","Ariane 44L | Afristar, GE-5",StatusRetired,Success
Northrop,"Stargazer, Cape Canaveral AFS, Florida, USA","Thu Oct 22, 1998 00:02 UTC",Pegasus | SCD-2,StatusRetired,Success
ESA,"ELA-3, Guiana Space Centre, French Guiana, France","Wed Oct 21, 1998 16:37 UTC",Ariane 5 G | MaqSat 3 & ARD,StatusRetired,Success
Lockheed,"SLC-36A, Cape Canaveral AFS, Florida, USA","Tue Oct 20, 1998 07:19 UTC",Atlas IIA | UHF F9,StatusRetired,Success
ILS,"SLC-36B, Cape Canaveral AFS, Florida, USA","Fri Oct 09, 1998 22:50 UTC",Atlas IIA | Hot Bird 5,StatusRetired,Success
Arianespace,"ELA-2, Guiana Space Centre, French Guiana, France","Mon Oct 05, 1998 22:51 UTC","Ariane 44L | Eutelsat W2, Sirius-3",StatusRetired,Success
Northrop,"SLC-576E, Vandenberg AFB, California, USA","Sat Oct 03, 1998 10:04 UTC",Minotaur C (Taurus) | STEX (NROL-8),StatusActive,Success
VKS RF,"Site 43/3, Plesetsk Cosmodrome, Russia","Mon Sep 28, 1998 23:41 UTC",Molniya-M /Block ML | Molniya-1T n†­168,StatusRetired,Success
Northrop,"Stargazer, Wallops Flight Facility, Virginia, USA","Wed Sep 23, 1998 05:06 UTC",Pegasus XL/HAPS | Orbcomm C1 - C8,StatusActive,Success
Arianespace,"ELA-2, Guiana Space Centre, French Guiana, France","Wed Sep 16, 1998 06:31 UTC",Ariane 44LP | Panamsat-7,StatusRetired,Success
VKS RF,"Site 45/1, Baikonur Cosmodrome, Kazakhstan","Wed Sep 09, 1998 20:29 UTC",Zenit-2 | Globalstar Satellites,StatusRetired,Failure
Boeing,"SLC-2W, Vandenberg AFB, California, USA","Tue Sep 08, 1998 21:13 UTC",Delta II 7920-10C | MS-10,StatusRetired,Success
KCST,"Pad 1, Tonghae Satellite Launching Ground, North Korea","Mon Aug 31, 1998 03:07 UTC",Taepodong-1 | Kwangmyngsng 1,StatusRetired,Failure
Boeing,"SLC-17B, Cape Canaveral AFS, Florida, USA","Thu Aug 27, 1998 01:17 UTC",Delta III 8930 | Galaxy 10,StatusRetired,Failure
Arianespace,"ELA-2, Guiana Space Centre, French Guiana, France","Tue Aug 25, 1998 23:07 UTC",Ariane 44P | ST-1,StatusRetired,Success
Boeing,"SLC-2W, Vandenberg AFB, California, USA","Mon Aug 24, 1998 12:08 UTC",Delta II 7920-10C | Deep Space 1,StatusRetired,Success
CASC,"LC-7, Taiyuan Satellite Launch Center, China","Wed Aug 19, 1998 23:01 UTC",Long March 2C | Iridium 76 & 78,StatusActive,Success
RVSN USSR,"Site 41/1, Plesetsk Cosmodrome, Russia","Wed Aug 12, 1998 12:53 UTC",Molniya-M /Block ML | Molniya-1 n†­133,StatusRetired,Success
Lockheed,"SLC-41, Cape Canaveral AFS, Florida, USA","Wed Aug 12, 1998 11:30 UTC",Titan IV(401)A | NROL-7 (Mercury),StatusRetired,Failure
Northrop,"Stargazer, Wallops Flight Facility, Virginia, USA","Sun Aug 02, 1998 16:24 UTC",Pegasus XL/HAPS | Orbcomm B1 - B8,StatusActive,Success
VKS RF,"Site 45/1, Baikonur Cosmodrome, Kazakhstan","Tue Jul 28, 1998 09:15 UTC",Zenit-2 | Cosmos 2360,StatusRetired,Success
VKS RF,"Site 45/1, Baikonur Cosmodrome, Kazakhstan","Fri Jul 10, 1998 06:30 UTC",Zenit-2 | Resurs-O1 n†­4 & Others,StatusRetired,Success
SRC,"K-407 Submarine, Barents Sea Launch Area, Barents Sea","Tue Jul 07, 1998 03:15 UTC",Shtil' | Tubsat,StatusRetired,Success
ISAS,"Mu Pad, Uchinoura Space Center, Japan","Fri Jul 03, 1998 18:12 UTC",Mu-V / M-24 | Nozomi,StatusRetired,Success
VKS RF,"Site 43/3, Plesetsk Cosmodrome, Russia","Wed Jul 01, 1998 00:48 UTC",Molniya-M /Block ML | Molniya-3 n†­167,StatusRetired,Success
ILS,"SLC-36A, Cape Canaveral AFS, Florida, USA","Thu Jun 18, 1998 22:48 UTC",Atlas IIAS | Intelsat 805,StatusRetired,Success
CASC,"LC-2, Xichang Satellite Launch Center, China","Thu Jun 18, 1998 09:20 UTC",Long March 3B | SinoSat 1,StatusActive,Success
VKS RF,"Site 32/1, Plesetsk Cosmodrome, Russia","Mon Jun 15, 1998 22:58 UTC",Tsyklon-3 | Cosmos 2352 to 2357,StatusRetired,Partial Failure
Boeing,"SLC-17A, Cape Canaveral AFS, Florida, USA","Wed Jun 10, 1998 00:35 UTC",Delta II 7925 | Thor III,StatusRetired,Success
NASA,"LC-39A, Kennedy Space Center, Florida, USA","Tue Jun 02, 1998 22:06 UTC",Space Shuttle Discovery | STS-91,StatusRetired,Success
CASC,"LC-2, Xichang Satellite Launch Center, China","Sat May 30, 1998 10:00 UTC",Long March 3B | ChinaStar 1,StatusActive,Success
Boeing,"SLC-2W, Vandenberg AFB, California, USA","Sun May 17, 1998 21:16 UTC",Delta II 7920-10C | MS-9,StatusRetired,Success
Lockheed,"SLC-4W, Vandenberg AFB, California, USA","Wed May 13, 1998 15:52 UTC",Titan II(23)G | NOAA-15,StatusRetired,Success
Lockheed,"SLC-40, Cape Canaveral AFS, Florida, USA","Sat May 09, 1998 01:38 UTC",Titan IV(401)B | NROL-6 (Mentor),StatusRetired,Success
VKS RF,"Site 16/2, Plesetsk Cosmodrome, Russia","Thu May 07, 1998 08:53 UTC",Molniya-M /Block 2BL | Cosmos 2351,StatusRetired,Success
CASC,"LC-7, Taiyuan Satellite Launch Center, China","Sat May 02, 1998 09:16 UTC",Long March 2C | Iridium 69 & 71,StatusActive,Success
Arianespace,"ELA-2, Guiana Space Centre, French Guiana, France","Tue Apr 28, 1998 22:53 UTC","Ariane 44P | Nilesat-101, BSAT-1B",StatusRetired,Success
Boeing,"SLC-17A, Cape Canaveral AFS, Florida, USA","Fri Apr 24, 1998 22:38 UTC",Delta II 7920-10C | Globalstar-2,StatusRetired,Success
NASA,"LC-39B, Kennedy Space Center, Florida, USA","Fri Apr 17, 1998 18:19 UTC",Space Shuttle Columbia | STS-90,StatusRetired,Success
Northrop,"Stargazer, Vandenberg AFB, California, USA","Thu Apr 02, 1998 16:24 UTC",Pegasus XL | TRACE,StatusActive,Success
Boeing,"SLC-2W, Vandenberg AFB, California, USA","Mon Mar 30, 1998 06:02 UTC",Delta II 7920-10C | MS-8,StatusRetired,Success
CASC,"LC-7, Taiyuan Satellite Launch Center, China","Wed Mar 25, 1998 17:01 UTC",Long March 2C | Iridium 51 & 61,StatusActive,Success
Arianespace,"ELA-2, Guiana Space Centre, French Guiana, France","Tue Mar 24, 1998 01:46 UTC",Ariane 40 | SPOT-4,StatusRetired,Success
Lockheed,"SLC-36A, Cape Canaveral AFS, Florida, USA","Mon Mar 16, 1998 21:32 UTC",Atlas II | UHF F8,StatusRetired,Success
ILS,"SLC-36B, Cape Canaveral AFS, Florida, USA","Sat Feb 28, 1998 00:21 UTC",Atlas IIAS | Intelsat 806,StatusRetired,Success
Arianespace,"ELA-2, Guiana Space Centre, French Guiana, France","Fri Feb 27, 1998 22:38 UTC",Ariane 42P | Hot Bird 4,StatusRetired,Success
Northrop,"Stargazer, Wallops Flight Facility, Virginia, USA","Thu Feb 26, 1998 07:07 UTC",Pegasus XL | SNOE & BATSAT,StatusActive,Success
MHI,"LA-Y1, Tanegashima Space Center, Japan","Sat Feb 21, 1998 07:55 UTC",H-II | Kakehashi,StatusRetired,Partial Failure
Boeing,"SLC-2W, Vandenberg AFB, California, USA","Wed Feb 18, 1998 13:58 UTC",Delta II 7920-10C | MS-7,StatusRetired,Success
Boeing,"SLC-17A, Cape Canaveral AFS, Florida, USA","Sat Feb 14, 1998 14:24 UTC",Delta II 7420-10C | Globalstar-1,StatusRetired,Success
Northrop,"SLC-576E, Vandenberg AFB, California, USA","Tue Feb 10, 1998 13:20 UTC",Minotaur C (Taurus) | GFO & Orbcomm 11 and 12,StatusActive,Success
Arianespace,"ELA-2, Guiana Space Centre, French Guiana, France","Wed Feb 04, 1998 23:29 UTC","Ariane 44LP | Brasilsat B3, Inmarsat-3 F5",StatusRetired,Success
Lockheed,"SLC-36A, Cape Canaveral AFS, Florida, USA","Thu Jan 29, 1998 18:37 UTC",Atlas IIA | NROL-5/SDS,StatusRetired,Success
IAI,"Pad 1, Palmachim Airbase, Israel","Thu Jan 22, 1998",Shavit | Ofek-4,StatusRetired,Failure
NASA,"LC-39A, Kennedy Space Center, Florida, USA","Thu Jan 22, 1998 02:48 UTC",Space Shuttle Endeavour | STS-89,StatusRetired,Success
Boeing,"SLC-17B, Cape Canaveral AFS, Florida, USA","Sat Jan 10, 1998 00:32 UTC",Delta II 7925 | Skynet 4D,StatusRetired,Success
Lockheed,"SLC-46, Cape Canaveral AFS, Florida, USA","Wed Jan 07, 1998 02:28 UTC",Athena II | Lunar Prospector,StatusRetired,Success
ILS,"Site 81/23, Baikonur Cosmodrome, Kazakhstan","Wed Dec 24, 1997 23:19 UTC",Proton K/Block DM-3 | PAS-22,StatusRetired,Partial Failure
MITT,"Svobodny Cosmodrome, Russia","Wed Dec 24, 1997 13:32 UTC",Start-1 | Earlybird 1,StatusActive,Success
Northrop,"Stargazer, Wallops Flight Facility, Virginia, USA","Tue Dec 23, 1997 19:11 UTC",Pegasus XL/HAPS | Orbcomm A1-A8,StatusActive,Success
Arianespace,"ELA-2, Guiana Space Centre, French Guiana, France","Mon Dec 22, 1997 00:16 UTC",Ariane 42L | Intelsat 804,StatusRetired,Success
Boeing,"SLC-2W, Vandenberg AFB, California, USA","Sat Dec 20, 1997 13:16 UTC",Delta II 7920-10C | MS-6,StatusRetired,Success
Arianespace,"ELA-2, Guiana Space Centre, French Guiana, France","Fri Dec 12, 1997 21:48 UTC","Ariane 44L | Sirius-2, Cakrawarta-1",StatusRetired,Success
VKS RF,"Site 90/20, Baikonur Cosmodrome, Kazakhstan","Tue Dec 09, 1997 07:17 UTC",Tsyklon-2 | Cosmos 2347,StatusRetired,Success
ILS,"SLC-36B, Cape Canaveral AFS, Florida, USA","Mon Dec 08, 1997 23:52 UTC",Atlas IIAS | Galaxy 8i,StatusRetired,Success
CASC,"LC-7, Taiyuan Satellite Launch Center, China","Mon Dec 08, 1997 07:16 UTC",Long March 2C | Iridium 42 & 44,StatusActive,Success
Arianespace,"ELA-2, Guiana Space Centre, French Guiana, France","Tue Dec 02, 1997 22:52 UTC","Ariane 44P | JCSAT-5, Equator S",StatusRetired,Success
MHI,"LA-Y1, Tanegashima Space Center, Japan","Thu Nov 27, 1997 21:27 UTC",H-II | TRMM & Orihime/Hikoboshi,StatusRetired,Success
NASA,"LC-39B, Kennedy Space Center, Florida, USA","Wed Nov 19, 1997 19:46 UTC",Space Shuttle Columbia | STS-87,StatusRetired,Success
Boeing,"SLC-2W, Vandenberg AFB, California, USA","Sun Nov 09, 1997 01:34 UTC",Delta II 7920-10C | MS-5,StatusRetired,Success
Lockheed,"SLC-41, Cape Canaveral AFS, Florida, USA","Sat Nov 08, 1997 02:05 UTC",Titan IV(401)A | NROL-4 (Trumpet),StatusRetired,Success
Boeing,"SLC-17A, Cape Canaveral AFS, Florida, USA","Thu Nov 06, 1997 00:30 UTC",Delta II 7925 | USA-134 (GPS IIA-19),StatusRetired,Success
AEB,"VLS Pad, Alc?›ntara Launch Center, Maranh?œo, Brazil","Sun Nov 02, 1997",VLS-1 | SCD-2A,StatusActive,Failure
ESA,"ELA-3, Guiana Space Centre, French Guiana, France","Thu Oct 30, 1997 13:43 UTC","Ariane 5 G | MaqSat-H, TEAMSAT, MaqSat-B, YES",StatusRetired,Partial Failure
Lockheed,"SLC-36A, Cape Canaveral AFS, Florida, USA","Sat Oct 25, 1997 00:46 UTC",Atlas IIA | DSCS IIIB-13,StatusRetired,Success
Lockheed,"SLC-4E, Vandenberg AFB, California, USA","Fri Oct 24, 1997 02:32 UTC",Titan IV(403)A | NROL-3 (Lacrosse),StatusRetired,Success
Northrop,"Stargazer, Wallops Flight Facility, Virginia, USA","Wed Oct 22, 1997 13:13 UTC",Pegasus XL | STEP-4,StatusActive,Success
CASC,"LC-2, Xichang Satellite Launch Center, China","Thu Oct 16, 1997 19:13 UTC",Long March 3B | Apstar 2R,StatusActive,Success
Lockheed,"SLC-40, Cape Canaveral AFS, Florida, USA","Wed Oct 15, 1997 08:43 UTC",Titan IV(401)B | Cassini???Huygens,StatusRetired,Success
ILS,"SLC-36B, Cape Canaveral AFS, Florida, USA","Sun Oct 05, 1997 21:01 UTC",Atlas IIAS | Echostar 3,StatusRetired,Success
ISRO,"First Launch Pad, Satish Dhawan Space Centre, India","Mon Sep 29, 1997 10:20 UTC",PSLV-G | IRS-1D,StatusRetired,Partial Failure
Boeing,"SLC-2W, Vandenberg AFB, California, USA","Sat Sep 27, 1997 01:23 UTC",Delta II 7920-10C | MS-4,StatusRetired,Success
NASA,"LC-39A, Kennedy Space Center, Florida, USA","Thu Sep 25, 1997 14:34 UTC",Space Shuttle Atlantis | STS-86,StatusRetired,Success
VKS RF,"Site 43/3, Plesetsk Cosmodrome, Russia","Wed Sep 24, 1997 21:30 UTC",Molniya-M /Block ML | Molniya-1T n†­166,StatusRetired,Success
Arianespace,"ELA-2, Guiana Space Centre, French Guiana, France","Tue Sep 23, 1997 23:58 UTC",Ariane 44LP | Intelsat 803,StatusRetired,Success
VKS RF,"Site 132/1, Plesetsk Cosmodrome, Russia","Tue Sep 23, 1997 16:44 UTC",Cosmos-3M (11K65M) | Cosmos 2346 & FAISAT-2V,StatusRetired,Success
ILS,"SLC-36A, Cape Canaveral AFS, Florida, USA","Thu Sep 04, 1997 12:03 UTC",Atlas IIAS | GE-3,StatusRetired,Success
Arianespace,"ELA-2, Guiana Space Centre, French Guiana, France","Tue Sep 02, 1997 22:21 UTC","Ariane 44LP | Hot Bird 3, Meteosat 7",StatusRetired,Success
CASC,"LC-7, Taiyuan Satellite Launch Center, China","Mon Sep 01, 1997 14:00 UTC",Long March 2C | Iridium mass simulator A&B,StatusActive,Success
Northrop,"Stargazer, Vandenberg AFB, California, USA","Fri Aug 29, 1997 15:02 UTC",Pegasus XL | FORTE,StatusActive,Success
Boeing,"SLC-17A, Cape Canaveral AFS, Florida, USA","Mon Aug 25, 1997 14:39 UTC",Delta II 7920-8 | Advanced Composition Explorer,StatusRetired,Success
Lockheed,"SLC-6, Vandenberg AFB, California, USA","Sat Aug 23, 1997 06:51 UTC",Athena I | Lewis,StatusRetired,Success
Boeing,"SLC-2W, Vandenberg AFB, California, USA","Thu Aug 21, 1997 00:38 UTC",Delta II 7920-10C | MS-3,StatusRetired,Success
CASC,"LC-2, Xichang Satellite Launch Center, China","Tue Aug 19, 1997 17:50 UTC",Long March 3B | Agila-2,StatusActive,Success
Arianespace,"ELA-2, Guiana Space Centre, French Guiana, France","Fri Aug 08, 1997 06:46 UTC",Ariane 44P | Panamsat-6,StatusRetired,Success
NASA,"LC-39A, Kennedy Space Center, Florida, USA","Thu Aug 07, 1997 14:41 UTC",Space Shuttle Discovery | STS-85,StatusRetired,Success
Northrop,"Stargazer, Base Aerea de Gando, Gran Canaria","Fri Aug 01, 1997 20:20 UTC",Pegasus XL | OrbView-2,StatusActive,Success
ILS,"SLC-36B, Cape Canaveral AFS, Florida, USA","Mon Jul 28, 1997 01:15 UTC",Atlas IIAS | Superbird C,StatusRetired,Success
Boeing,"SLC-17A, Cape Canaveral AFS, Florida, USA","Wed Jul 23, 1997 03:43 UTC",Delta II 7925 | USA-132 (GPS IIR-2),StatusRetired,Success
Boeing,"SLC-2W, Vandenberg AFB, California, USA","Wed Jul 09, 1997 13:04 UTC",Delta II 7920-10C | MS-2,StatusRetired,Success
NASA,"LC-39A, Kennedy Space Center, Florida, USA","Tue Jul 01, 1997 18:02 UTC",Space Shuttle Columbia | STS-94,StatusRetired,Success
Arianespace,"ELA-2, Guiana Space Centre, French Guiana, France","Wed Jun 25, 1997 23:44 UTC",Ariane 44P | Intelsat 802,StatusRetired,Success
CASC,"LC-3, Xichang Satellite Launch Center, China","Tue Jun 10, 1997 12:01 UTC",Long March 3 | Fengyun-2A,StatusRetired,Success
Arianespace,"ELA-2, Guiana Space Centre, French Guiana, France","Tue Jun 03, 1997 23:20 UTC","Ariane 44L | Inmarsat 3 F4, Insat 2D",StatusRetired,Success
Boeing,"SLC-17A, Cape Canaveral AFS, Florida, USA","Tue May 20, 1997 22:39 UTC",Delta II 7925 | Telenor Thor II,StatusRetired,Success
VKS RF,"Site 45/1, Baikonur Cosmodrome, Kazakhstan","Tue May 20, 1997 07:07 UTC",Zenit-2 | Tselina-2 n†­19,StatusRetired,Failure
NASA,"LC-39A, Kennedy Space Center, Florida, USA","Thu May 15, 1997 08:07 UTC",Space Shuttle Atlantis | STS-84,StatusRetired,Success
VKS RF,"Site 43/4, Plesetsk Cosmodrome, Russia","Wed May 14, 1997 00:33 UTC",Molniya-M /Block 2BL | Cosmos 2342,StatusRetired,Success
CASC,"LC-2, Xichang Satellite Launch Center, China","Sun May 11, 1997 16:17 UTC",Long March 3A | ChinaSat 6,StatusActive,Success
Boeing,"SLC-2W, Vandenberg AFB, California, USA","Mon May 05, 1997 14:55 UTC",Delta II 7920-10C | MS-1,StatusRetired,Success
Lockheed,"SLC-36B, Cape Canaveral AFS, Florida, USA","Fri Apr 25, 1997 05:49 UTC",Atlas I | GOES-K,StatusRetired,Success
Northrop,"Stargazer, Base Aerea de Gando, Gran Canaria","Mon Apr 21, 1997 11:59 UTC",Pegasus XL | MiniSat & Celestis space burial,StatusActive,Success
VKS RF,"Site 132/1, Plesetsk Cosmodrome, Russia","Thu Apr 17, 1997 13:03 UTC",Cosmos-3M (11K65M) | Cosmos 2341,StatusRetired,Success
Arianespace,"ELA-2, Guiana Space Centre, French Guiana, France","Wed Apr 16, 1997 23:08 UTC","Ariane 44LP | Thaicom 3, BSAT 1a",StatusRetired,Success
NASA,"LC-39A, Kennedy Space Center, Florida, USA","Fri Apr 04, 1997 19:20 UTC",Space Shuttle Columbia | STS-83,StatusRetired,Success
Lockheed,"SLC-4W, Vandenberg AFB, California, USA","Fri Apr 04, 1997 16:47 UTC",Titan II(23)G | USA-131,StatusRetired,Success
ILS,"SLC-36A, Cape Canaveral AFS, Florida, USA","Sat Mar 08, 1997 06:01 UTC",Atlas IIA | Tempo 2,StatusRetired,Success
MITT,"Svobodny Cosmodrome, Russia","Tue Mar 04, 1997 02:00 UTC",Start-1 | Zeya,StatusActive,Success
Arianespace,"ELA-2, Guiana Space Centre, French Guiana, France","Sat Mar 01, 1997 01:07 UTC",Ariane 44P | Intelsat 801,StatusRetired,Success
Lockheed,"SLC-40, Cape Canaveral AFS, Florida, USA","Sun Feb 23, 1997 20:20 UTC",Titan IV(402)B | DSP,StatusRetired,Success
ILS,"SLC-36B, Cape Canaveral AFS, Florida, USA","Mon Feb 17, 1997 01:42 UTC",Atlas IIAS | JCSAT-4,StatusRetired,Success
VKS RF,"Site 32/2, Plesetsk Cosmodrome, Russia","Fri Feb 14, 1997 03:47 UTC",Tsyklon-3 | Cosmos 2337 to 2339 & Gonets 4 to 6,StatusRetired,Success
ISAS,"Mu Pad, Uchinoura Space Center, Japan","Wed Feb 12, 1997 04:50 UTC",Mu-V / M-24 | Muses B,StatusRetired,Success
NASA,"LC-39A, Kennedy Space Center, Florida, USA","Tue Feb 11, 1997 08:55 UTC",Space Shuttle Discovery | STS-82,StatusRetired,Success
Arianespace,"ELA-2, Guiana Space Centre, French Guiana, France","Thu Jan 30, 1997 22:04 UTC","Ariane 44L | GE-2, Nahuel 1A",StatusRetired,Success
Boeing,"SLC-17A, Cape Canaveral AFS, Florida, USA","Fri Jan 17, 1997 16:28 UTC",Delta II 7925 | GPS IIR-1,StatusRetired,Failure
NASA,"LC-39B, Kennedy Space Center, Florida, USA","Sun Jan 12, 1997 09:27 UTC",Space Shuttle Atlantis | STS-81,StatusRetired,Success
Lockheed,"SLC-4E, Vandenberg AFB, California, USA","Fri Dec 20, 1996 18:04 UTC",Titan IV(404)A | NROL-2 (KH-11 Kennen),StatusRetired,Success
VKS RF,"Site 132/1, Plesetsk Cosmodrome, Russia","Fri Dec 20, 1996 06:43 UTC",Cosmos-3M (11K65M) | Cosmos 2336,StatusRetired,Success
ILS,"SLC-36B, Cape Canaveral AFS, Florida, USA","Wed Dec 18, 1996 01:57 UTC",Atlas IIA | Inmarsat 3-F3,StatusRetired,Success
VKS RF,"Site 90/20, Baikonur Cosmodrome, Kazakhstan","Wed Dec 11, 1996 12:00 UTC",Tsyklon-2 | Cosmos 2335,StatusRetired,Success
NASA,"LC-39B, Kennedy Space Center, Florida, USA","Sat Dec 07, 1996 11:49 UTC",Space Shuttle Columbia | STS-80,StatusRetired,Success
Boeing,"SLC-17B, Cape Canaveral AFS, Florida, USA","Wed Dec 04, 1996 06:58 UTC",Delta II 7925 | Mars Pathfinder,StatusRetired,Success
ILS,"SLC-36A, Cape Canaveral AFS, Florida, USA","Thu Nov 21, 1996 20:47 UTC",Atlas IIA | Hot Bird 2,StatusRetired,Success
Arianespace,"ELA-2, Guiana Space Centre, French Guiana, France","Wed Nov 13, 1996 22:40 UTC","Ariane 44L | Arabsat-2B, Measat-2",StatusRetired,Success
Boeing,"SLC-17A, Cape Canaveral AFS, Florida, USA","Thu Nov 07, 1996 17:00 UTC",Delta II 7925 | Mars Global Surveyor,StatusRetired,Success
Northrop,"Stargazer, Vandenberg AFB, California, USA","Mon Nov 04, 1996 17:08 UTC",Pegasus XL | HETE & SAC-B,StatusActive,Failure
VKS RF,"Site 43/4, Plesetsk Cosmodrome, Russia","Thu Oct 24, 1996 11:37 UTC",Molniya-M /Block ML | Molniya-3 n†­165,StatusRetired,Success
CASC,"Site 138 (LA-2B), Jiuquan Satellite Launch Center, China","Sun Oct 20, 1996 07:20 UTC",Long March 2D | FSW-2 No.3,StatusActive,Success
NASA,"LC-39A, Kennedy Space Center, Florida, USA","Mon Sep 16, 1996 08:54 UTC",Space Shuttle Atlantis | STS-79,StatusRetired,Success
Boeing,"SLC-17A, Cape Canaveral AFS, Florida, USA","Thu Sep 12, 1996 08:49 UTC",Delta II 7925 | USA-128 (GPS IIA-18),StatusRetired,Success
Arianespace,"ELA-2, Guiana Space Centre, French Guiana, France","Wed Sep 11, 1996 00:00 UTC",Ariane 42P | Echostar-2,StatusRetired,Success
ILS,"SLC-36B, Cape Canaveral AFS, Florida, USA","Sun Sep 08, 1996 21:49 UTC",Atlas IIA | GE-1,StatusRetired,Success
VKS RF,"Site 132/1, Plesetsk Cosmodrome, Russia","Thu Sep 05, 1996 12:47 UTC",Cosmos-3M (11K65M) | Cosmos 2334 & UNAMSAT-B,StatusRetired,Success
VKS RF,"Site 45/1, Baikonur Cosmodrome, Kazakhstan","Wed Sep 04, 1996 09:01 UTC",Zenit-2 | Cosmos 2333,StatusRetired,Success
RVSN USSR,"Site 43/3, Plesetsk Cosmodrome, Russia","Thu Aug 29, 1996 05:22 UTC","Molniya-M /Block SO-L | Interbol 2, Magion5 & Victor",StatusRetired,Success
Northrop,"Stargazer, Vandenberg AFB, California, USA","Wed Aug 21, 1996 09:47 UTC",Pegasus XL | FAST,StatusActive,Success
CASC,"LC-3, Xichang Satellite Launch Center, China","Sun Aug 18, 1996 10:27 UTC",Long March 3 | Chinasat-7,StatusRetired,Partial Failure
MHI,"LA-Y1, Tanegashima Space Center, Japan","Sat Aug 17, 1996 01:53 UTC",H-II (2 SSB) | Fuji 2 & Midori,StatusRetired,Success
VKS RF,"Site 43/3, Plesetsk Cosmodrome, Russia","Wed Aug 14, 1996 22:21 UTC",Molniya-M /Block ML | Molniya-1T n†­164,StatusRetired,Success
Arianespace,"ELA-2, Guiana Space Centre, French Guiana, France","Thu Aug 08, 1996 22:49 UTC","Ariane 44L | Italsat F2, Telecom 2D",StatusRetired,Success
Lockheed,"SLC-36A, Cape Canaveral AFS, Florida, USA","Thu Jul 25, 1996 12:42 UTC",Atlas II | UHF F7,StatusRetired,Success
Boeing,"SLC-17A, Cape Canaveral AFS, Florida, USA","Tue Jul 16, 1996 00:50 UTC",Delta II 7925 | USA-126 (GPS IIA-17),StatusRetired,Success
Arianespace,"ELA-2, Guiana Space Centre, French Guiana, France","Tue Jul 09, 1996 22:24 UTC","Ariane 44L | Arabsat-2A, T??rksat 1C",StatusRetired,Success
CASC,"LC-3, Xichang Satellite Launch Center, China","Wed Jul 03, 1996 10:47 UTC",Long March 3 | Apstar 1A,StatusRetired,Success
Lockheed,"SLC-40, Cape Canaveral AFS, Florida, USA","Wed Jul 03, 1996 00:31 UTC",Titan IV(405)A | SDS,StatusRetired,Success
Northrop,"Stargazer, Vandenberg AFB, California, USA","Tue Jul 02, 1996 07:48 UTC",Pegasus XL | TOMS,StatusActive,Success
NASA,"LC-39B, Kennedy Space Center, Florida, USA","Thu Jun 20, 1996 14:49 UTC",Space Shuttle Columbia | STS-78,StatusRetired,Success
Arianespace,"ELA-2, Guiana Space Centre, French Guiana, France","Sat Jun 15, 1996 06:55 UTC",Ariane 44P | Intelsat 709,StatusRetired,Success
ESA,"ELA-3, Guiana Space Centre, French Guiana, France","Tue Jun 04, 1996 12:34 UTC",Ariane 5 G | Cluster,StatusRetired,Failure
Boeing,"SLC-17B, Cape Canaveral AFS, Florida, USA","Fri May 24, 1996 01:10 UTC",Delta II 7925 | Galaxy 9,StatusRetired,Success
NASA,"LC-39B, Kennedy Space Center, Florida, USA","Sun May 19, 1996 10:30 UTC",Space Shuttle Endeavour | STS-77,StatusRetired,Success
Northrop,"Stargazer, Vandenberg AFB, California, USA","Fri May 17, 1996 02:44 UTC",Pegasus | MSTI-3,StatusRetired,Success
Arianespace,"ELA-2, Guiana Space Centre, French Guiana, France","Thu May 16, 1996 01:56 UTC","Ariane 44L | Palapa C2, AMOS-1",StatusRetired,Success
Lockheed,"SLC-4E, Vandenberg AFB, California, USA","Sun May 12, 1996 21:32 UTC","Titan IV(403)A | SLDCOM, NOSS 3x, TiPS 2x",StatusRetired,Success
Lockheed,"SLC-36B, Cape Canaveral AFS, Florida, USA","Tue Apr 30, 1996 04:31 UTC",Atlas I | BeppoSAX,StatusRetired,Success
Lockheed,"SLC-41, Cape Canaveral AFS, Florida, USA","Wed Apr 24, 1996 23:37 UTC",Titan IV(401)A | Mercury,StatusRetired,Success
VKS RF,"Site 132/1, Plesetsk Cosmodrome, Russia","Wed Apr 24, 1996 13:00 UTC",Cosmos-3M (11K65M) | Cosmos 2265,StatusRetired,Success
Boeing,"SLC-2W, Vandenberg AFB, California, USA","Wed Apr 24, 1996 12:27 UTC",Delta II 7920-10 | MSX,StatusRetired,Success
Arianespace,"ELA-2, Guiana Space Centre, French Guiana, France","Sat Apr 20, 1996 22:36 UTC",Ariane 42P | M-SAT-1,StatusRetired,Success
ILS,"SLC-36A, Cape Canaveral AFS, Florida, USA","Wed Apr 03, 1996 23:01 UTC",Atlas IIA | Inmarsat 3-F1,StatusRetired,Success
Boeing,"SLC-17B, Cape Canaveral AFS, Florida, USA","Thu Mar 28, 1996 00:21 UTC",Delta II 7925 | USA-117 (GPS IIA-16),StatusRetired,Success
NASA,"LC-39B, Kennedy Space Center, Florida, USA","Fri Mar 22, 1996 08:13 UTC",Space Shuttle Atlantis | STS-76,StatusRetired,Success
ISRO,"First Launch Pad, Satish Dhawan Space Centre, India","Thu Mar 21, 1996 04:53 UTC",PSLV-G | IRS-P3,StatusRetired,Success
Arianespace,"ELA-2, Guiana Space Centre, French Guiana, France","Thu Mar 14, 1996 07:11 UTC",Ariane 44LP | Intelsat 707,StatusRetired,Success
Northrop,"Stargazer, Vandenberg AFB, California, USA","Sat Mar 09, 1996 01:53 UTC",Pegasus XL | REX II,StatusActive,Success
Boeing,"SLC-2W, Vandenberg AFB, California, USA","Sat Feb 24, 1996 11:24 UTC",Delta II 7925-10 | Polar,StatusRetired,Success
NASA,"LC-39B, Kennedy Space Center, Florida, USA","Thu Feb 22, 1996 20:18 UTC",Space Shuttle Columbia | STS-75,StatusRetired,Success
VKS RF,"Site 32/1, Plesetsk Cosmodrome, Russia","Mon Feb 19, 1996 00:58 UTC",Tsyklon-3 | Cosmos 2328 to 2330 & Gonets 1 to 3,StatusRetired,Success
Boeing,"SLC-17B, Cape Canaveral AFS, Florida, USA","Sat Feb 17, 1996 20:43 UTC",Delta II 7925-8 | NEAR,StatusRetired,Success
CASC,"LC-2, Xichang Satellite Launch Center, China","Wed Feb 14, 1996 19:01 UTC",Long March 3B | Intelsat 708,StatusActive,Failure
Arianespace,"ELA-2, Guiana Space Centre, French Guiana, France","Mon Feb 05, 1996 07:19 UTC",Ariane 44P | N-Star B,StatusRetired,Success
ILS,"SLC-36B, Cape Canaveral AFS, Florida, USA","Thu Feb 01, 1996 01:15 UTC",Atlas IIAS | Palapa C1,StatusRetired,Success
VKS RF,"Site 132/1, Plesetsk Cosmodrome, Russia","Tue Jan 16, 1996 15:33 UTC",Cosmos-3M (11K65M) | Cosmos 2327,StatusRetired,Success
Boeing,"SLC-17B, Cape Canaveral AFS, Florida, USA","Sun Jan 14, 1996 11:10 UTC",Delta II 7925 | Koreasat-2,StatusRetired,Success
Arianespace,"ELA-2, Guiana Space Centre, French Guiana, France","Fri Jan 12, 1996 23:10 UTC","Ariane 44L | Panamsat-3R, Measat-1",StatusRetired,Success
NASA,"LC-39B, Kennedy Space Center, Florida, USA","Thu Jan 11, 1996 09:41 UTC",Space Shuttle Endeavour | STS-72,StatusRetired,Success
Boeing,"SLC-17A, Cape Canaveral AFS, Florida, USA","Sat Dec 30, 1995 13:48 UTC",Delta II 7920-10 | XTE,StatusRetired,Success
CASC,"LC-2, Xichang Satellite Launch Center, China","Thu Dec 28, 1995 11:50 UTC",Long March 2E | EchoStar 1,StatusRetired,Success
VKS RF,"Site 31/6, Baikonur Cosmodrome, Kazakhstan","Thu Dec 28, 1995 06:45 UTC",Molniya-M /Block 2BL | IRS-1C & Skipper,StatusRetired,Success
VKS RF,"Site 90/20, Baikonur Cosmodrome, Kazakhstan","Wed Dec 20, 1995 00:52 UTC",Tsyklon-2 | Cosmos 2326,StatusRetired,Success
Lockheed,"SLC-36A, Cape Canaveral AFS, Florida, USA","Fri Dec 15, 1995 00:23 UTC",Atlas IIA | Galaxy 3R,StatusRetired,Success
Arianespace,"ELA-2, Guiana Space Centre, French Guiana, France","Wed Dec 06, 1995 23:23 UTC","Ariane 44L | Telecom 2C, Insat 2C",StatusRetired,Success
Lockheed,"SLC-4E, Vandenberg AFB, California, USA","Tue Dec 05, 1995 21:18 UTC",Titan IV(404)A | KH-11 Kennen,StatusRetired,Success
Lockheed,"SLC-36B, Cape Canaveral AFS, Florida, USA","Sat Dec 02, 1995 08:08 UTC",Atlas IIAS | SOHO,StatusRetired,Success
CASC,"LC-2, Xichang Satellite Launch Center, China","Tue Nov 28, 1995 11:30 UTC",Long March 2E | AsiaSat 2,StatusRetired,Success
Arianespace,"ELA-2, Guiana Space Centre, French Guiana, France","Fri Nov 17, 1995 01:20 UTC",Ariane 44P | Infrared Space Observatory,StatusRetired,Success
NASA,"LC-39A, Kennedy Space Center, Florida, USA","Sun Nov 12, 1995 12:30 UTC",Space Shuttle Atlantis | STS-74,StatusRetired,Success
Lockheed,"SLC-40, Cape Canaveral AFS, Florida, USA","Mon Nov 06, 1995 05:15 UTC",Titan IV(401)A | Milstar DFS-2,StatusRetired,Success
Boeing,"SLC-2W, Vandenberg AFB, California, USA","Sat Nov 04, 1995 14:22 UTC",Delta II 7920-10 | RADARSAT-1 and SURFSAT,StatusRetired,Success
VKS RF,"Site 45/1, Baikonur Cosmodrome, Kazakhstan","Tue Oct 31, 1995 20:19 UTC",Zenit-2 | Cosmos 2322,StatusRetired,Success
EER,"LP-0A, Wallops Flight Facility, Virginia, USA","Mon Oct 23, 1995 22:03 UTC",Conestoga-1620 | METEOR,StatusRetired,Failure
Lockheed,"SLC-36A, Cape Canaveral AFS, Florida, USA","Sun Oct 22, 1995 08:00 UTC",Atlas II | USA-114 (UHF F6),StatusRetired,Success
NASA,"LC-39B, Kennedy Space Center, Florida, USA","Fri Oct 20, 1995 13:53 UTC",Space Shuttle Columbia | STS-73,StatusRetired,Success
Arianespace,"ELA-2, Guiana Space Centre, French Guiana, France","Thu Oct 19, 1995 00:28 UTC",Ariane 42L | Astra 1E,StatusRetired,Success
VKS RF,"Site 132/1, Plesetsk Cosmodrome, Russia","Fri Oct 06, 1995 03:23 UTC",Cosmos-3M (11K65M) | Cosmos 2321,StatusRetired,Partial Failure
Arianespace,"ELA-2, Guiana Space Centre, French Guiana, France","Sun Sep 24, 1995 00:06 UTC",Ariane 42L | Telstar 402R,StatusRetired,Success
NASA,"LC-39A, Kennedy Space Center, Florida, USA","Thu Sep 07, 1995 15:09 UTC",Space Shuttle Endeavour | STS-69,StatusRetired,Success
Boeing,"SLC-17B, Cape Canaveral AFS, Florida, USA","Tue Sep 05, 1995 11:10 UTC",Delta II 7925 | Koreasat 1,StatusRetired,Partial Failure
VKS RF,"Site 32/2, Plesetsk Cosmodrome, Russia","Thu Aug 31, 1995 06:50 UTC",Tsyklon-3 | Sich 1 & FASat Alfa,StatusRetired,Success
Arianespace,"ELA-2, Guiana Space Centre, French Guiana, France","Tue Aug 29, 1995 06:41 UTC",Ariane 42P | N-Star A,StatusRetired,Success
ILS,"SLC-36B, Cape Canaveral AFS, Florida, USA","Tue Aug 29, 1995 00:53 UTC",Atlas IIAS | JCSAT-3,StatusRetired,Success
Lockheed,"SLC-6, Vandenberg AFB, California, USA","Tue Aug 15, 1995 22:30 UTC",Athena I | GemStar 1,StatusRetired,Failure
VKS RF,"Site 43/3, Plesetsk Cosmodrome, Russia","Wed Aug 09, 1995 01:21 UTC",Molniya-M /Block ML | Molniya-3 n†­163,StatusRetired,Success
Arianespace,"ELA-2, Guiana Space Centre, French Guiana, France","Thu Aug 03, 1995 22:58 UTC",Ariane 42L | Panamsat-4,StatusRetired,Success
RVSN USSR,"Site 43/3, Plesetsk Cosmodrome, Russia","Wed Aug 02, 1995 23:59 UTC",Molniya-M /Block SO-L | Interbol 1 & Magion 4,StatusRetired,Success
Lockheed,"SLC-36A, Cape Canaveral AFS, Florida, USA","Mon Jul 31, 1995 23:30 UTC",Atlas IIA | USA-113 (DSCS IIIB-7),StatusRetired,Success
NASA,"LC-39B, Kennedy Space Center, Florida, USA","Thu Jul 13, 1995 13:41 UTC",Space Shuttle Discovery | STS-70,StatusRetired,Success
Lockheed,"SLC-41, Cape Canaveral AFS, Florida, USA","Mon Jul 10, 1995 12:38 UTC",Titan IV(401)A | Trumpet,StatusRetired,Success
Arianespace,"ELA-2, Guiana Space Centre, French Guiana, France","Fri Jul 07, 1995 16:23 UTC","Ariane 40 | Helios 1A, Cerise, LBSAT-1",StatusRetired,Success
VKS RF,"Site 132/1, Plesetsk Cosmodrome, Russia","Wed Jul 05, 1995 03:09 UTC",Cosmos-3M (11K65M) | Cosmos 2315,StatusRetired,Success
NASA,"LC-39A, Kennedy Space Center, Florida, USA","Tue Jun 27, 1995 19:32 UTC",Space Shuttle Atlantis | STS-71,StatusRetired,Success
Northrop,"Stargazer, Vandenberg AFB, California, USA","Thu Jun 22, 1995 19:58 UTC",Pegasus XL | STEP-3,StatusActive,Failure
Arianespace,"ELA-2, Guiana Space Centre, French Guiana, France","Sat Jun 10, 1995 00:24 UTC",Ariane 42P | DBS-3,StatusRetired,Success
VKS RF,"Site 90/20, Baikonur Cosmodrome, Kazakhstan","Thu Jun 08, 1995 04:43 UTC",Tsyklon-2 | Cosmos 2313,StatusRetired,Success
Lockheed,"SLC-36A, Cape Canaveral AFS, Florida, USA","Wed May 31, 1995 15:27 UTC",Atlas II | USA-111 (UHF F5),StatusRetired,Success
VKS RF,"Site 16/2, Plesetsk Cosmodrome, Russia","Wed May 24, 1995 20:10 UTC",Molniya-M /Block 2BL | Cosmos 2312,StatusRetired,Success
Lockheed,"SLC-36B, Cape Canaveral AFS, Florida, USA","Tue May 23, 1995 05:52 UTC",Atlas I | GOES-J,StatusRetired,Success
Arianespace,"ELA-2, Guiana Space Centre, French Guiana, France","Wed May 17, 1995 06:34 UTC",Ariane 44LP | Intelsat 706,StatusRetired,Success
Lockheed,"SLC-40, Cape Canaveral AFS, Florida, USA","Sun May 14, 1995 13:45 UTC",Titan IV(401)A | Mentor,StatusRetired,Success
Arianespace,"ELA-2, Guiana Space Centre, French Guiana, France","Fri Apr 21, 1995 01:44 UTC",Ariane 40 | ERS-2,StatusRetired,Success
ILS,"SLC-36A, Cape Canaveral AFS, Florida, USA","Fri Apr 07, 1995 23:47 UTC",Atlas IIA | AMSC-1,StatusRetired,Success
IAI,"Pad 1, Palmachim Airbase, Israel","Wed Apr 05, 1995",Shavit | Ofek-3,StatusRetired,Success
Northrop,"Stargazer, Vandenberg AFB, California, USA","Mon Apr 03, 1995 13:48 UTC",Pegasus | Orbcomm F1 and F2 & OrbView-1,StatusRetired,Success
Arianespace,"ELA-2, Guiana Space Centre, French Guiana, France","Tue Mar 28, 1995 11:19 UTC","Ariane 44LP | Brasilsat B2, Hot Bird 1",StatusRetired,Success
MITT,"Site 158, Plesetsk Cosmodrome, Russia","Tue Mar 28, 1995 10:00 UTC","Start | EKA-2, Gurwin & UNAMSAT A",StatusRetired,Failure
General Dynamics,"SLC-3W, Vandenberg AFB, California, USA","Fri Mar 24, 1995 14:05 UTC",Atlas-E/F Star-37S-ISS | DMSP F-13,StatusRetired,Success
ILS,"SLC-36B, Cape Canaveral AFS, Florida, USA","Wed Mar 22, 1995 06:18 UTC",Atlas IIAS | Intelsat 705,StatusRetired,Success
VKS RF,"Site 132/1, Plesetsk Cosmodrome, Russia","Wed Mar 22, 1995 04:09 UTC",Cosmos-3M (11K65M) | Cosmos 2310,StatusRetired,Success
MHI,"LA-Y1, Tanegashima Space Center, Japan","Sat Mar 18, 1995 08:01 UTC",H-II | Himawari 5 & SFU 1,StatusRetired,Success
VKS RF,"Site 132/1, Plesetsk Cosmodrome, Russia","Thu Mar 02, 1995 13:00 UTC",Cosmos-3M (11K65M) | Cosmos 2306,StatusRetired,Success
NASA,"LC-39A, Kennedy Space Center, Florida, USA","Thu Mar 02, 1995 06:38 UTC",Space Shuttle Endeavour | STS-67,StatusRetired,Success
NASA,"LC-39B, Kennedy Space Center, Florida, USA","Fri Feb 03, 1995 05:22 UTC",Space Shuttle Discovery | STS-63,StatusRetired,Success
Lockheed,"SLC-36A, Cape Canaveral AFS, Florida, USA","Sun Jan 29, 1995 01:25 UTC",Atlas II | USA-108 (UHF F4),StatusRetired,Success
CASC,"LC-2, Xichang Satellite Launch Center, China","Wed Jan 25, 1995 22:40 UTC",Long March 2E | Apstar 2,StatusRetired,Failure
VKS RF,"Site 132/1, Plesetsk Cosmodrome, Russia","Tue Jan 24, 1995 03:54 UTC","Cosmos-3M (11K65M) | Tsikada 1, Faisat 1 & Astrid 1",StatusRetired,Success
ISAS,"Mu Pad, Uchinoura Space Center, Japan","Sun Jan 15, 1995 13:45 UTC",Mu-III S2 | EXPRESS,StatusRetired,Partial Failure
ILS,"SLC-36B, Cape Canaveral AFS, Florida, USA","Tue Jan 10, 1995 06:18 UTC",Atlas IIAS | Intelsat 704,StatusRetired,Success
General Dynamics,"SLC-3W, Vandenberg AFB, California, USA","Fri Dec 30, 1994 10:02 UTC",Atlas-E/F Star-37S-ISS | NOAA-J,StatusRetired,Success
VKS RF,"Site 175/58, Baikonur Cosmodrome, Kazakhstan","Mon Dec 26, 1994",Rokot/Briz K | Radio-ROSTO,StatusRetired,Success
VKS RF,"Site 32/2, Plesetsk Cosmodrome, Russia","Mon Dec 26, 1994 22:26 UTC",Tsyklon-3 | Cosmos 2299 to 2304,StatusRetired,Success
Martin Marietta,"SLC-40, Cape Canaveral AFS, Florida, USA","Thu Dec 22, 1994 22:19 UTC",Titan IV(402)A | DSP,StatusRetired,Success
VKS RF,"Site 132/1, Plesetsk Cosmodrome, Russia","Tue Dec 20, 1994 05:10 UTC",Cosmos-3M (11K65M) | Cosmos 2298,StatusRetired,Success
VKS RF,"Site 43/4, Plesetsk Cosmodrome, Russia","Wed Dec 14, 1994 14:21 UTC",Molniya-M /Block ML | Molniya-1T n†­162,StatusRetired,Success
Arianespace,"ELA-2, Guiana Space Centre, French Guiana, France","Thu Dec 01, 1994 22:57 UTC",Ariane 42P | Panamsat-3,StatusRetired,Failure
CASC,"LC-2, Xichang Satellite Launch Center, China","Tue Nov 29, 1994 17:02 UTC",Long March 3A | Chinasat-5,StatusActive,Partial Failure
Lockheed,"SLC-36A, Cape Canaveral AFS, Florida, USA","Tue Nov 29, 1994 10:21 UTC",Atlas IIA | Orion 1,StatusRetired,Success
VKS RF,"Site 32/2, Plesetsk Cosmodrome, Russia","Tue Nov 29, 1994 02:54 UTC",Tsyklon-3 | Geo-IK 1,StatusRetired,Success
VKS RF,"Site 45/1, Baikonur Cosmodrome, Kazakhstan","Thu Nov 24, 1994 09:15 UTC",Zenit-2 | Cosmos 2297,StatusRetired,Success
VKS RF,"Site 45/1, Baikonur Cosmodrome, Kazakhstan","Fri Nov 04, 1994 05:47 UTC",Zenit-2 | Resurs-O1 n†­3,StatusRetired,Success
NASA,"LC-39B, Kennedy Space Center, Florida, USA","Thu Nov 03, 1994 16:59 UTC",Space Shuttle Atlantis | STS-66,StatusRetired,Success
VKS RF,"Site 90/20, Baikonur Cosmodrome, Kazakhstan","Wed Nov 02, 1994 01:04 UTC",Tsyklon-2 | Cosmos 2293,StatusRetired,Success
Boeing,"SLC-17B, Cape Canaveral AFS, Florida, USA","Tue Nov 01, 1994 09:31 UTC",Delta II 7925-10 | Wind,StatusRetired,Success
Arianespace,"ELA-2, Guiana Space Centre, French Guiana, France","Tue Nov 01, 1994 00:37 UTC",Ariane 42P | Astra 1D,StatusRetired,Success
ISRO,"First Launch Pad, Satish Dhawan Space Centre, India","Sat Oct 15, 1994 05:05 UTC",PSLV-G | IRS-P2,StatusRetired,Success
VKS RF,"Site 32/2, Plesetsk Cosmodrome, Russia","Tue Oct 11, 1994 14:30 UTC",Tsyklon-3 | Okean 4,StatusRetired,Success
Arianespace,"ELA-2, Guiana Space Centre, French Guiana, France","Sat Oct 08, 1994 01:07 UTC","Ariane 44L | Solidaridad-2, Thaicom-2",StatusRetired,Success
Lockheed,"SLC-36B, Cape Canaveral AFS, Florida, USA","Thu Oct 06, 1994 06:35 UTC",Atlas IIAS | Intelsat 703,StatusRetired,Success
NASA,"LC-39A, Kennedy Space Center, Florida, USA","Fri Sep 30, 1994 11:16 UTC",Space Shuttle Endeavour | STS-68,StatusRetired,Success
VKS RF,"Site 132/1, Plesetsk Cosmodrome, Russia","Tue Sep 27, 1994 14:00 UTC",Cosmos-3M (11K65M) | Cosmos 2292,StatusRetired,Success
NASA,"LC-39B, Kennedy Space Center, Florida, USA","Fri Sep 09, 1994 22:22 UTC",Space Shuttle Discovery | STS-64,StatusRetired,Success
Arianespace,"ELA-2, Guiana Space Centre, French Guiana, France","Fri Sep 09, 1994 00:29 UTC",Ariane 42L | Telstar 402,StatusRetired,Success
Northrop,"NB-52B Carrier, Edwards AFB, California, USA","Sat Sep 03, 1994 14:38 UTC",Pegasus | APEX,StatusRetired,Success
General Dynamics,"SLC-3W, Vandenberg AFB, California, USA","Mon Aug 29, 1994 17:38 UTC",Atlas-E/F Star-37S-ISS | DMSP F-12,StatusRetired,Success
MHI,"LA-Y1, Tanegashima Space Center, Japan","Sun Aug 28, 1994 07:50 UTC",H-II | Kiku 6,StatusRetired,Success
CASC,"LC-2, Xichang Satellite Launch Center, China","Sat Aug 27, 1994 23:10 UTC",Long March 2E | Optus-B3,StatusRetired,Success
Martin Marietta,"SLC-41, Cape Canaveral AFS, Florida, USA","Sat Aug 27, 1994 08:58 UTC",Titan IV(401)A | Mercury,StatusRetired,Success
VKS RF,"Site 45/1, Baikonur Cosmodrome, Kazakhstan","Fri Aug 26, 1994 12:00 UTC",Zenit-2 | Cosmos 2290,StatusRetired,Success
VKS RF,"Site 43/4, Plesetsk Cosmodrome, Russia","Tue Aug 23, 1994 14:31 UTC",Molniya-M /Block ML | Molniya-3 n†­161,StatusRetired,Success
Arianespace,"ELA-2, Guiana Space Centre, French Guiana, France","Wed Aug 10, 1994 23:05 UTC","Ariane 44LP | Brasilsat B1, Turksat 1B",StatusRetired,Success
VKS RF,"Site 16/2, Plesetsk Cosmodrome, Russia","Fri Aug 05, 1994 01:12 UTC",Molniya-M /Block 2BL | Cosmos 2286,StatusRetired,Success
Lockheed,"SLC-36A, Cape Canaveral AFS, Florida, USA","Wed Aug 03, 1994 23:57 UTC",Atlas IIA | DBS-2,StatusRetired,Success
VKS RF,"Site 132/1, Plesetsk Cosmodrome, Russia","Tue Aug 02, 1994",Cosmos-3M (11K65M) | Cosmos 2285,StatusRetired,Success
CASC,"LC-3, Xichang Satellite Launch Center, China","Thu Jul 21, 1994 10:55 UTC",Long March 3 | Apstar-1,StatusRetired,Success
VKS RF,"Site 133/3, Plesetsk Cosmodrome, Russia","Thu Jul 14, 1994 05:13 UTC",Cosmos-3M (11K65M) | Nadiezhda n†­7,StatusRetired,Success
Arianespace,"ELA-2, Guiana Space Centre, French Guiana, France","Fri Jul 08, 1994 23:05 UTC","Ariane 44L | Panamsat-2, Yuri-3N",StatusRetired,Success
NASA,"LC-39A, Kennedy Space Center, Florida, USA","Fri Jul 08, 1994 04:43 UTC",Space Shuttle Columbia | STS-65,StatusRetired,Success
CASC,"Site 138 (LA-2B), Jiuquan Satellite Launch Center, China","Sun Jul 03, 1994 08:00 UTC",Long March 2D | FSW-2 No.2,StatusActive,Success
Northrop,"Stargazer, Vandenberg AFB, California, USA","Mon Jun 27, 1994 21:15 UTC",Pegasus XL | STEP-1,StatusActive,Failure
Lockheed,"SLC-36B, Cape Canaveral AFS, Florida, USA","Fri Jun 24, 1994 13:50 UTC",Atlas I | UHF F3,StatusRetired,Success
Arianespace,"ELA-2, Guiana Space Centre, French Guiana, France","Fri Jun 17, 1994 07:07 UTC","Ariane 44LP | Intelsat 702, STRV 1A & 1B",StatusRetired,Success
VKS RF,"Site 32/2, Plesetsk Cosmodrome, Russia","Wed May 25, 1994 10:14 UTC",Tsyklon-3 | Cosmos 2281,StatusRetired,Failure
Northrop,"NB-52B Carrier, Edwards AFB, California, USA","Thu May 19, 1994 17:03 UTC",Pegasus/HAPS | STEP-2,StatusRetired,Partial Failure
ISRO,"SLV LP, Satish Dhawan Space Centre, India","Wed May 04, 1994 00:00 UTC",ASLV | SROSS C2,StatusRetired,Success
Martin Marietta,"SLC-41, Cape Canaveral AFS, Florida, USA","Tue May 03, 1994 15:55 UTC",Titan IV(401)A | Trumpet,StatusRetired,Success
VKS RF,"Site 133/3, Plesetsk Cosmodrome, Russia","Tue Apr 26, 1994 02:14 UTC",Cosmos-3M (11K65M) | Cosmos 2279,StatusRetired,Success
VKS RF,"Site 45/1, Baikonur Cosmodrome, Kazakhstan","Sat Apr 23, 1994 08:01 UTC",Zenit-2 | Cosmos 2278,StatusRetired,Success
Lockheed,"SLC-36B, Cape Canaveral AFS, Florida, USA","Wed Apr 13, 1994 06:04 UTC",Atlas I | GOES-I,StatusRetired,Success
NASA,"LC-39A, Kennedy Space Center, Florida, USA","Sat Apr 09, 1994 11:05 UTC",Space Shuttle Endeavour | STS-59,StatusRetired,Success
Boeing,"SLC-17B, Cape Canaveral AFS, Florida, USA","Sat Mar 19, 1994 23:45 UTC",Delta II 7925-8 | Galaxy 1R,StatusRetired,Success
Northrop,"SLC-576E, Vandenberg AFB, California, USA","Sun Mar 13, 1994 22:32 UTC",Minotaur C (Taurus) | STEP Mission 0 & DARPASAT,StatusActive,Success
Boeing,"SLC-17A, Cape Canaveral AFS, Florida, USA","Thu Mar 10, 1994 03:40 UTC",Delta II 7925 | USA-100 (GPS IIA-15)/SEDS-2,StatusRetired,Success
NASA,"LC-39B, Kennedy Space Center, Florida, USA","Fri Mar 04, 1994 13:53 UTC",Space Shuttle Columbia | STS-62,StatusRetired,Success
VKS RF,"Site 32/2, Plesetsk Cosmodrome, Russia","Wed Mar 02, 1994 03:25 UTC",Tsyklon-3 | Koronas I,StatusRetired,Success
VKS RF,"Site 32/1, Plesetsk Cosmodrome, Russia","Sat Feb 12, 1994 08:54 UTC",Tsyklon-3 | Cosmos 2268 to 2273,StatusRetired,Success
CASC,"LC-2, Xichang Satellite Launch Center, China","Tue Feb 08, 1994 08:34 UTC","Long March 3A | Shijian 4, Kuafu-1 (mass simulator)",StatusActive,Success
Martin Marietta,"SLC-40, Cape Canaveral AFS, Florida, USA","Mon Feb 07, 1994 21:47 UTC",Titan IV(401)A | Milstar DFS-1,StatusRetired,Success
MHI,"LA-Y1, Tanegashima Space Center, Japan","Thu Feb 03, 1994 22:20 UTC",H-II | Ryusei & Myojo,StatusRetired,Success
NASA,"LC-39A, Kennedy Space Center, Florida, USA","Thu Feb 03, 1994 12:10 UTC",Space Shuttle Discovery | STS-60,StatusRetired,Success
Martin Marietta,"SLC-4W, Vandenberg AFB, California, USA","Tue Jan 25, 1994 16:34 UTC",Titan II(23)G | Clementine,StatusRetired,Success
VKS RF,"Site 32/1, Plesetsk Cosmodrome, Russia","Tue Jan 25, 1994 00:25 UTC",Tsyklon-3 | Meteor-3 n†­6 & Tubsat-B,StatusRetired,Success
Arianespace,"ELA-2, Guiana Space Centre, French Guiana, France","Mon Jan 24, 1994 21:37 UTC","Ariane 44LP | Eutelsat 2F5, Turksat 1A",StatusRetired,Failure
VKS RF,"Site 43/3, Plesetsk Cosmodrome, Russia","Wed Dec 22, 1993 20:37 UTC",Molniya-M /Block ML | Molniya-1T n†­160,StatusRetired,Success
Arianespace,"ELA-2, Guiana Space Centre, French Guiana, France","Sat Dec 18, 1993 01:27 UTC","Ariane 44L | DBS-1, Thaicom-1",StatusRetired,Success
General Dynamics,"SLC-36B, Cape Canaveral AFS, Florida, USA","Thu Dec 16, 1993 00:38 UTC",Atlas IIAS | Telstar 401,StatusRetired,Success
Boeing,"SLC-17A, Cape Canaveral AFS, Florida, USA","Wed Dec 08, 1993 00:48 UTC",Delta II 7925 | NATO 4B,StatusRetired,Success
NASA,"LC-39B, Kennedy Space Center, Florida, USA","Thu Dec 02, 1993 09:27 UTC",Space Shuttle Endeavour | STS-61,StatusRetired,Success
General Dynamics,"SLC-36A, Cape Canaveral AFS, Florida, USA","Sun Nov 28, 1993 23:40 UTC",Atlas II | USA-97 (DSCS IIIB-10,StatusRetired,Success
Arianespace,"ELA-2, Guiana Space Centre, French Guiana, France","Sat Nov 20, 1993 01:17 UTC","Ariane 44LP | Solidaridad 1, Meteosat 6",StatusRetired,Success
VKS RF,"Site 132/1, Plesetsk Cosmodrome, Russia","Tue Nov 02, 1993 12:10 UTC",Cosmos-3M (11K65M) | Cosmos 2266,StatusRetired,Success
Boeing,"SLC-17B, Cape Canaveral AFS, Florida, USA","Tue Oct 26, 1993 17:04 UTC",Delta II 7925 | USA-96 (GPS IIA-14),StatusRetired,Success
VKS RF,"Site 132/1, Plesetsk Cosmodrome, Russia","Tue Oct 26, 1993 13:00 UTC",Cosmos-3M (11K65M) | Cosmos 2265,StatusRetired,Success
Arianespace,"ELA-2, Guiana Space Centre, French Guiana, France","Fri Oct 22, 1993 06:46 UTC",Ariane 44LP | Intelsat 701,StatusRetired,Success
NASA,"LC-39B, Kennedy Space Center, Florida, USA","Mon Oct 18, 1993 14:53 UTC",Space Shuttle Columbia | STS-58,StatusRetired,Success
CASC,"Site 138 (LA-2B), Jiuquan Satellite Launch Center, China","Fri Oct 08, 1993 08:00 UTC",Long March 2C | FSW-1 No.5,StatusActive,Success
Martin Marietta,"SLC-4W, Vandenberg AFB, California, USA","Tue Oct 05, 1993 17:56 UTC",Titan II(23)G | Landsat 6,StatusRetired,Failure
Arianespace,"ELA-2, Guiana Space Centre, French Guiana, France","Sun Sep 26, 1993 01:45 UTC","Ariane 40 | SPOT-3, Stella & Others",StatusRetired,Success
ISRO,"First Launch Pad, Satish Dhawan Space Centre, India","Mon Sep 20, 1993 05:12 UTC",PSLV-G | IRS-P1,StatusRetired,Failure
VKS RF,"Site 90/20, Baikonur Cosmodrome, Kazakhstan","Fri Sep 17, 1993 00:43 UTC",Tsyklon-2 | Cosmos 2264,StatusRetired,Success
VKS RF,"Site 45/1, Baikonur Cosmodrome, Kazakhstan","Thu Sep 16, 1993 07:36 UTC",Zenit-2 | Cosmos 2263,StatusRetired,Success
NASA,"LC-39B, Kennedy Space Center, Florida, USA","Sun Sep 12, 1993 11:45 UTC",Space Shuttle Discovery | STS-51,StatusRetired,Success
General Dynamics,"SLC-36B, Cape Canaveral AFS, Florida, USA","Fri Sep 03, 1993 11:17 UTC",Atlas I | UHF F2,StatusRetired,Success
VKS RF,"Site 32/1, Plesetsk Cosmodrome, Russia","Tue Aug 31, 1993 04:40 UTC",Tsyklon-3 | Meteor-2 n†­21 & Temisat,StatusRetired,Success
Boeing,"SLC-17B, Cape Canaveral AFS, Florida, USA","Mon Aug 30, 1993 12:38 UTC",Delta II 7925 | USA-94 (GPS IIA-13),StatusRetired,Success
VKS RF,"Site 16/2, Plesetsk Cosmodrome, Russia","Tue Aug 10, 1993 14:53 UTC",Molniya-M /Block 2BL | Cosmos 2261,StatusRetired,Success
General Dynamics,"SLC-3W, Vandenberg AFB, California, USA","Mon Aug 09, 1993 10:02 UTC",Atlas-E/F Star-37S-ISS | NOAA-I,StatusRetired,Success
VKS RF,"Site 43/3, Plesetsk Cosmodrome, Russia","Wed Aug 04, 1993 00:52 UTC",Molniya-M /Block ML | Molniya-3 n†­159,StatusRetired,Success
Martin Marietta,"SLC-4E, Vandenberg AFB, California, USA","Mon Aug 02, 1993 19:59 UTC",Titan IV(403)A | SLDCOM & 3x NOSS,StatusRetired,Failure
Arianespace,"ELA-2, Guiana Space Centre, French Guiana, France","Thu Jul 22, 1993 22:58 UTC","Ariane 44L | Hispasat 1B, Insat-2B",StatusRetired,Success
General Dynamics,"SLC-36A, Cape Canaveral AFS, Florida, USA","Mon Jul 19, 1993 22:04 UTC",Atlas II | USA-93 (DSCS IIIB-9),StatusRetired,Success
VKS RF,"Site 90/20, Baikonur Cosmodrome, Kazakhstan","Wed Jul 07, 1993 07:15 UTC",Tsyklon-2 | Cosmos 2258,StatusRetired,Success
Boeing,"SLC-17A, Cape Canaveral AFS, Florida, USA","Sat Jun 26, 1993 13:27 UTC",Delta II 7925 | USA-92 (GPS IIA-12)/PMG,StatusRetired,Success
Arianespace,"ELA-2, Guiana Space Centre, French Guiana, France","Fri Jun 25, 1993 00:18 UTC",Ariane 44P | Galaxy-4,StatusRetired,Success
VKS RF,"Site 32/1, Plesetsk Cosmodrome, Russia","Thu Jun 24, 1993 04:12 UTC",Tsyklon-3 | Cosmos 2252 to 2257,StatusRetired,Success
NASA,"LC-39B, Kennedy Space Center, Florida, USA","Mon Jun 21, 1993 13:07 UTC",Space Shuttle Endeavour | STS-57,StatusRetired,Success
VKS RF,"Site 132/1, Plesetsk Cosmodrome, Russia","Wed Jun 16, 1993 04:17 UTC",Cosmos-3M (11K65M) | Cosmos 2251,StatusRetired,Success
VKS RF,"Site 43/4, Plesetsk Cosmodrome, Russia","Wed May 26, 1993 03:23 UTC",Molniya-M /Block ML | Molniya-1 n†­158,StatusRetired,Success
Boeing,"SLC-17A, Cape Canaveral AFS, Florida, USA","Thu May 13, 1993 00:07 UTC",Delta II 7925 | USA-91 (GPS IIA-11),StatusRetired,Success
Arianespace,"ELA-2, Guiana Space Centre, French Guiana, France","Wed May 12, 1993 00:56 UTC","Ariane 42L | Astra 1C, Arsene",StatusRetired,Success
VKS RF,"Site 32/1, Plesetsk Cosmodrome, Russia","Tue May 11, 1993 14:56 UTC",Tsyklon-3 | Cosmos 2245 to 2250,StatusRetired,Success
VKS RF,"Site 90/20, Baikonur Cosmodrome, Kazakhstan","Wed Apr 28, 1993 03:39 UTC",Tsyklon-2 | Cosmos 2244,StatusRetired,Success
NASA,"LC-39A, Kennedy Space Center, Florida, USA","Mon Apr 26, 1993 14:50 UTC",Space Shuttle Columbia | STS-55,StatusRetired,Success
Northrop,"NB-52B Carrier, Edwards AFB, California, USA","Sun Apr 25, 1993 13:56 UTC",Pegasus | ALEXIS,StatusRetired,Success
VKS RF,"Site 43/4, Plesetsk Cosmodrome, Russia","Wed Apr 21, 1993 00:23 UTC",Molniya-M /Block ML | Molniya-3 n†­157,StatusRetired,Success
VKS RF,"Site 32/1, Plesetsk Cosmodrome, Russia","Fri Apr 16, 1993 07:49 UTC",Tsyklon-3 | Cosmos 2242,StatusRetired,Success
VKS RF,"Site 16/2, Plesetsk Cosmodrome, Russia","Fri Apr 09, 1993 08:58 UTC",Molniya-M /Block 2BL | Cosmos 2340,StatusRetired,Success
NASA,"LC-39B, Kennedy Space Center, Florida, USA","Thu Apr 08, 1993 05:29 UTC",Space Shuttle Discovery | STS-56,StatusRetired,Success
VKS RF,"Site 43/4, Plesetsk Cosmodrome, Russia","Tue Apr 06, 1993 19:07 UTC",Molniya-M /Block 2BL | Cosmos 2241,StatusRetired,Success
VKS RF,"Site 133/3, Plesetsk Cosmodrome, Russia","Thu Apr 01, 1993 18:57 UTC",Cosmos-3M (11K65M) | Cosmos 2239,StatusRetired,Success
VKS RF,"Site 90/20, Baikonur Cosmodrome, Kazakhstan","Tue Mar 30, 1993 12:00 UTC",Tsyklon-2 | Cosmos 2238,StatusRetired,Success
Boeing,"SLC-17A, Cape Canaveral AFS, Florida, USA","Tue Mar 30, 1993 03:09 UTC",Delta II 7925 | USA-90 (GPS IIA-10)/SEDS-1,StatusRetired,Success
VKS RF,"Site 45/1, Baikonur Cosmodrome, Kazakhstan","Fri Mar 26, 1993 02:21 UTC",Zenit-2 | Cosmos 2237,StatusRetired,Success
General Dynamics,"SLC-36B, Cape Canaveral AFS, Florida, USA","Thu Mar 25, 1993 21:38 UTC",Atlas I | UHF F1,StatusRetired,Failure
MITT,"Site 158, Plesetsk Cosmodrome, Russia","Thu Mar 25, 1993 13:15 UTC",Start-1 | EKA-1,StatusActive,Success
VKS RF,"Site 32/1, Plesetsk Cosmodrome, Russia","Tue Mar 16, 1993 07:49 UTC",Tsyklon-3 | Cosmos 2242,StatusRetired,Success
ISAS,"Mu Pad, Uchinoura Space Center, Japan","Sat Feb 20, 1993 02:20 UTC",Mu-III S2 | Asuka,StatusRetired,Success
Northrop,"NB-52B Carrier, Cape Canaveral AFS, Florida, USA","Tue Feb 09, 1993 14:30 UTC",Pegasus | SCD-1,StatusRetired,Success
VKS RF,"Site 133/3, Plesetsk Cosmodrome, Russia","Tue Feb 09, 1993 02:56 UTC",Cosmos-3M (11K65M) | Cosmos 2233,StatusRetired,Success
Boeing,"SLC-17A, Cape Canaveral AFS, Florida, USA","Wed Feb 03, 1993 02:55 UTC",Delta II 7925 | USA-88 (GPS IIA-9),StatusRetired,Success
VKS RF,"Site 16/2, Plesetsk Cosmodrome, Russia","Tue Jan 26, 1993 15:55 UTC",Molniya-M /Block 2BL | Cosmos 2232,StatusRetired,Success
NASA,"LC-39B, Kennedy Space Center, Florida, USA","Wed Jan 13, 1993 13:59 UTC",Space Shuttle Endeavour | STS-54,StatusRetired,Success
VKS RF,"Site 43/4, Plesetsk Cosmodrome, Russia","Wed Jan 13, 1993 01:49 UTC",Molniya-M /Block ML | Molniya-1 n†­156,StatusRetired,Success
VKS RF,"Site 133/3, Plesetsk Cosmodrome, Russia","Tue Jan 12, 1993 11:10 UTC",Cosmos-3M (11K65M) | Cosmos 2230,StatusRetired,Success
VKS RF,"Site 32/2, Plesetsk Cosmodrome, Russia","Fri Dec 25, 1992 20:07 UTC",Tsyklon-3 | Cosmos 2228,StatusRetired,Success
VKS RF,"Site 45/1, Baikonur Cosmodrome, Kazakhstan","Fri Dec 25, 1992 05:56 UTC",Zenit-2 | Cosmos 2227,StatusRetired,Success
VKS RF,"Site 32/2, Plesetsk Cosmodrome, Russia","Tue Dec 22, 1992 12:36 UTC",Tsyklon-3 | Cosmos 2226,StatusRetired,Success
CASC,"LC-2, Xichang Satellite Launch Center, China","Mon Dec 21, 1992 11:21 UTC",Long March 2E | Optus-B2,StatusRetired,Failure
Boeing,"SLC-17B, Cape Canaveral AFS, Florida, USA","Fri Dec 18, 1992 22:16 UTC",Delta II 7925 | USA-87 (GPS IIA-8),StatusRetired,Success
NASA,"LC-39A, Kennedy Space Center, Florida, USA","Wed Dec 02, 1992 13:24 UTC",Space Shuttle Discovery | STS-53,StatusRetired,Success
VKS RF,"Site 43/3, Plesetsk Cosmodrome, Russia","Wed Dec 02, 1992 01:57 UTC",Molniya-M /Block ML | Molniya-3 n†­155,StatusRetired,Success
Arianespace,"ELA-2, Guiana Space Centre, French Guiana, France","Tue Dec 01, 1992 22:48 UTC",Ariane 42P | Superbird A1,StatusRetired,Success
Martin Marietta,"SLC-4E, Vandenberg AFB, California, USA","Sat Nov 28, 1992 21:34 UTC",Titan IV(404)A | KH-11 Kennen,StatusRetired,Success
VKS RF,"Site 43/3, Plesetsk Cosmodrome, Russia","Wed Nov 25, 1992 12:18 UTC",Molniya-M /Block 2BL | Cosmos 2222,StatusRetired,Success
VKS RF,"Site 32/2, Plesetsk Cosmodrome, Russia","Tue Nov 24, 1992 04:09 UTC",Tsyklon-3 | Cosmos 2221,StatusRetired,Success
Boeing,"SLC-17A, Cape Canaveral AFS, Florida, USA","Sun Nov 22, 1992 23:54 UTC",Delta II 7925 | USA-85 (GPS IIA-7),StatusRetired,Success
VKS RF,"Site 16/2, Plesetsk Cosmodrome, Russia","Sat Nov 21, 1992 10:21 UTC",Molniya-M /Block 2BL | Cosmos 2217,StatusRetired,Success
VKS RF,"Site 45/1, Baikonur Cosmodrome, Kazakhstan","Tue Nov 17, 1992 07:47 UTC",Zenit-2 | Cosmos 2219,StatusRetired,Success
VKS RF,"Site 133/3, Plesetsk Cosmodrome, Russia","Thu Oct 29, 1992 10:40 UTC",Cosmos-3M (11K65M) | Cosmos 2218,StatusRetired,Success
Arianespace,"ELA-2, Guiana Space Centre, French Guiana, France","Wed Oct 28, 1992 00:15 UTC",Ariane 42P | Galaxy-7,StatusRetired,Success
NASA,"LC-39B, Kennedy Space Center, Florida, USA","Thu Oct 22, 1992 17:09 UTC",Space Shuttle Columbia | STS-52,StatusRetired,Success
VKS RF,"Site 32/1, Plesetsk Cosmodrome, Russia","Tue Oct 20, 1992 12:58 UTC",Tsyklon-3 | Cosmos 2211 to 2216,StatusRetired,Success
VKS RF,"Site 43/3, Plesetsk Cosmodrome, Russia","Wed Oct 14, 1992 19:58 UTC",Molniya-M /Block ML | Molniya-3 n†­154,StatusRetired,Success
Boeing,"SLC-17B, Cape Canaveral AFS, Florida, USA","Mon Oct 12, 1992 09:47 UTC",Delta II 7925 | DFS Kopernikus 3,StatusRetired,Success
CASC,"Site 138 (LA-2B), Jiuquan Satellite Launch Center, China","Tue Oct 06, 1992 06:20 UTC","Long March 2C | FSW-1 No.4, Freja",StatusActive,Success
Martin Marietta,"SLC-40, Cape Canaveral AFS, Florida, USA","Fri Sep 25, 1992 17:05 UTC",Commercial Titan III | Mars Observer,StatusRetired,Success
NASA,"LC-39B, Kennedy Space Center, Florida, USA","Sat Sep 12, 1992 14:23 UTC",Space Shuttle Endeavour | STS-47,StatusRetired,Success
Arianespace,"ELA-2, Guiana Space Centre, French Guiana, France","Thu Sep 10, 1992 23:04 UTC","Ariane 44LP | Hispasat 1A, Satcom C3",StatusRetired,Success
Boeing,"SLC-17A, Cape Canaveral AFS, Florida, USA","Wed Sep 09, 1992 08:57 UTC",Delta II 7925 | USA-84 (GPS IIA-6),StatusRetired,Success
General Dynamics,"SLC-36B, Cape Canaveral AFS, Florida, USA","Sat Aug 22, 1992 22:40 UTC",Atlas I | Galaxy 1R,StatusRetired,Failure
CASC,"LC-2, Xichang Satellite Launch Center, China","Thu Aug 13, 1992 23:00 UTC",Long March 2E | Optus-B1,StatusRetired,Success
VKS RF,"Site 132/1, Plesetsk Cosmodrome, Russia","Wed Aug 12, 1992 05:44 UTC",Cosmos-3M (11K65M) | Cosmos 2208,StatusRetired,Success
Arianespace,"ELA-2, Guiana Space Centre, French Guiana, France","Mon Aug 10, 1992 23:04 UTC","Ariane 42P | TOPEX/Poseidon, Oscar 23, S80/T",StatusRetired,Success
CASC,"Site 138 (LA-2B), Jiuquan Satellite Launch Center, China","Sun Aug 09, 1992 08:00 UTC",Long March 2D | FSW-2 No.1,StatusActive,Success
VKS RF,"Site 43/3, Plesetsk Cosmodrome, Russia","Thu Aug 06, 1992 19:30 UTC",Molniya-M /Block NVL | Molniya-1 n†­153,StatusRetired,Success
NASA,"LC-39B, Kennedy Space Center, Florida, USA","Fri Jul 31, 1992 13:56 UTC",Space Shuttle Atlantis | STS-46,StatusRetired,Success
Boeing,"SLC-17A, Cape Canaveral AFS, Florida, USA","Fri Jul 24, 1992 14:26 UTC",Delta II 6925 | GEOTAIL,StatusRetired,Success
Boeing,"SLC-17B, Cape Canaveral AFS, Florida, USA","Fri Jul 24, 1992 09:20 UTC",Delta II 7925 | Satcom C4,StatusRetired,Success
RVSN USSR,"Site 32/1, Plesetsk Cosmodrome, Russia","Mon Jul 13, 1992 17:41 UTC",Tsyklon-3 | Cosmos 2197 to 2202,StatusRetired,Success
Arianespace,"ELA-2, Guiana Space Centre, French Guiana, France","Thu Jul 09, 1992 22:42 UTC","Ariane 44L | Insat-2A, Eutelsat 2F4",StatusRetired,Success
RVSN USSR,"Site 43/3, Plesetsk Cosmodrome, Russia","Wed Jul 08, 1992 09:53 UTC",Molniya-M /Block 2BL | Cosmos 2196,StatusRetired,Success
Boeing,"SLC-17B, Cape Canaveral AFS, Florida, USA","Tue Jul 07, 1992 09:20 UTC",Delta II 7925 | USA-83 (GPS IIA-5),StatusRetired,Success
General Dynamics,"SLC-36A, Cape Canaveral AFS, Florida, USA","Thu Jul 02, 1992 21:54 UTC",Atlas II | USA-82 (DSCS IIIB-12),StatusRetired,Success
RVSN USSR,"Site 133/3, Plesetsk Cosmodrome, Russia","Wed Jul 01, 1992 20:16 UTC",Cosmos-3M (11K65M) | Cosmos 2195,StatusRetired,Success
NASA,"LC-39A, Kennedy Space Center, Florida, USA","Thu Jun 25, 1992 16:12 UTC",Space Shuttle Columbia | STS-50,StatusRetired,Success
General Dynamics,"SLC-36B, Cape Canaveral AFS, Florida, USA","Wed Jun 10, 1992 00:00 UTC",Atlas IIA | Intelsat K,StatusRetired,Success
Boeing,"SLC-17A, Cape Canaveral AFS, Florida, USA","Sun Jun 07, 1992 16:40 UTC",Delta II 6920-10 | EUVE,StatusRetired,Success
RVSN USSR,"Site 133/3, Plesetsk Cosmodrome, Russia","Wed Jun 03, 1992 00:50 UTC",Cosmos-3M (11K65M) | Cosmos 2187 to 2194,StatusRetired,Success
Boeing,"SLC-17B, Cape Canaveral AFS, Florida, USA","Thu May 14, 1992 00:40 UTC",Delta II 7925 | Palapa B4,StatusRetired,Success
NASA,"LC-39B, Kennedy Space Center, Florida, USA","Thu May 07, 1992 23:40 UTC",Space Shuttle Endeavour | STS-49,StatusRetired,Success
Martin Marietta,"SLC-4W, Vandenberg AFB, California, USA","Sat Apr 25, 1992 08:53 UTC",Titan II(23)G | USA-81,StatusRetired,Success
Arianespace,"ELA-2, Guiana Space Centre, French Guiana, France","Wed Apr 15, 1992 23:25 UTC","Ariane 44L | Telecom 2B, Inmarsat-2F4",StatusRetired,Success
RVSN USSR,"Site 132/1, Plesetsk Cosmodrome, Russia","Wed Apr 15, 1992 07:17 UTC",Cosmos-3M (11K65M) | Cosmos 2184,StatusRetired,Success
Boeing,"SLC-17B, Cape Canaveral AFS, Florida, USA","Fri Apr 10, 1992 03:20 UTC",Delta II 7925 | USA-80 (GPS IIA-4),StatusRetired,Success
NASA,"LC-39A, Kennedy Space Center, Florida, USA","Tue Mar 24, 1992 13:13 UTC",Space Shuttle Atlantis | STS-45,StatusRetired,Success
Boeing,"SLC-17B, Cape Canaveral AFS, Florida, USA","Mon Mar 23, 1992 22:29 UTC",Delta II 7925 | USA-79 (GPS IIA-3),StatusRetired,Success
General Dynamics,"SLC-36B, Cape Canaveral AFS, Florida, USA","Sat Mar 14, 1992 00:00 UTC",Atlas I | Galaxy 5,StatusRetired,Success
RVSN USSR,"Site 132/1, Plesetsk Cosmodrome, Russia","Mon Mar 09, 1992 22:35 UTC",Cosmos-3M (11K65M) | Cosmos 2181,StatusRetired,Success
VKS RF,"Site 43/4, Plesetsk Cosmodrome, Russia","Wed Mar 04, 1992 04:27 UTC",Molniya-M /Block ML | Molniya-1 n†­152,StatusRetired,Success
Arianespace,"ELA-2, Guiana Space Centre, French Guiana, France","Wed Feb 26, 1992 23:58 UTC","Ariane 44L | Superbird-B1, Arabsat-1C",StatusRetired,Success
RVSN USSR,"Site 133/3, Plesetsk Cosmodrome, Russia","Mon Feb 17, 1992 22:05 UTC",Cosmos-3M (11K65M) | Cosmos 2180,StatusRetired,Success
MHI,"LA-Y1, Tanegashima Space Center, Japan","Tue Feb 11, 1992 01:50 UTC",H-I (9 SO) | JERS 1,StatusRetired,Success
General Dynamics,"SLC-36A, Cape Canaveral AFS, Florida, USA","Tue Feb 11, 1992 00:41 UTC",Atlas II | USA-78 (DSCS IIIB-14),StatusRetired,Success
RVSN USSR,"Site 45/1, Baikonur Cosmodrome, Kazakhstan","Wed Feb 05, 1992 18:14 UTC",Zenit-2 | Tselina-2 n†­10,StatusRetired,Failure
RVSN USSR,"Site 43/3, Plesetsk Cosmodrome, Russia","Fri Jan 24, 1992 01:18 UTC",Molniya-M /Block 2BL | Cosmos 2176,StatusRetired,Success
NASA,"LC-39A, Kennedy Space Center, Florida, USA","Wed Jan 22, 1992 14:52 UTC",Space Shuttle Discovery | STS-42,StatusRetired,Success
CASC,"LC-3, Xichang Satellite Launch Center, China","Sat Dec 28, 1991 12:00 UTC",Long March 3 | DFH-2A-T5,StatusRetired,Partial Failure
RVSN USSR,"Site 175/58, Baikonur Cosmodrome, Kazakhstan","Fri Dec 20, 1991",Rokot/Briz K | GVM Demo Flight,StatusRetired,Success
Yuzhmash,"Site 32/2, Plesetsk Cosmodrome, Russia","Wed Dec 18, 1991 03:54 UTC",Tsyklon-3 | Intercosmos 25 & Magion 3,StatusRetired,Success
Arianespace,"ELA-2, Guiana Space Centre, French Guiana, France","Mon Dec 16, 1991 22:19 UTC","Ariane 44L | Telecom 2A, Inmarsat 2F3",StatusRetired,Success
General Dynamics,"SLC-36B, Cape Canaveral AFS, Florida, USA","Sat Dec 07, 1991 22:47 UTC",Atlas II | Eutelsat 2F3,StatusRetired,Success
General Dynamics,"SLC-3W, Vandenberg AFB, California, USA","Thu Nov 28, 1991 13:23 UTC",Atlas-E/F Star-37S-ISS | DMSP F-11,StatusRetired,Success
RVSN USSR,"Site 133/3, Plesetsk Cosmodrome, Russia","Wed Nov 27, 1991 03:30 UTC",Cosmos-3M (11K65M) | Cosmos 2173,StatusRetired,Success
NASA,"LC-39A, Kennedy Space Center, Florida, USA","Sun Nov 24, 1991 23:44 UTC",Space Shuttle Atlantis | STS-44,StatusRetired,Success
RVSN USSR,"Site 32/1, Plesetsk Cosmodrome, Russia","Tue Nov 12, 1991 20:09 UTC",Tsyklon-3 | Cosmos 2165 to 2170,StatusRetired,Success
Martin Marietta,"SLC-4E, Vandenberg AFB, California, USA","Fri Nov 08, 1991 07:07 UTC",Titan IV(403)A | SLDCOM & NOSS 3x,StatusRetired,Success
Arianespace,"ELA-2, Guiana Space Centre, French Guiana, France","Tue Oct 29, 1991 23:08 UTC",Ariane 44L | Intelsat 6AF1,StatusRetired,Success
RVSN USSR,"Site 132/1, Plesetsk Cosmodrome, Russia","Thu Oct 10, 1991 14:00 UTC",Cosmos-3M (11K65M) | Cosmos 2164,StatusRetired,Success
RVSN USSR,"Site 32/2, Plesetsk Cosmodrome, Russia","Sat Sep 28, 1991 07:05 UTC",Tsyklon-3 | Cosmos 2157 to 2162,StatusRetired,Success
Arianespace,"ELA-2, Guiana Space Centre, French Guiana, France","Thu Sep 26, 1991 23:43 UTC",Ariane 44P | Anik E1,StatusRetired,Success
RVSN USSR,"Site 43/4, Plesetsk Cosmodrome, Russia","Tue Sep 17, 1991 20:01 UTC",Molniya-M /Block ML | Molniya-3 n†­151,StatusRetired,Success
NASA,"LC-39A, Kennedy Space Center, Florida, USA","Thu Sep 12, 1991 23:11 UTC",Space Shuttle Discovery | STS-48,StatusRetired,Success
RVSN USSR,"Site 45/1, Baikonur Cosmodrome, Kazakhstan","Fri Aug 30, 1991 08:58 UTC",Zenit-2 | Tselina-2 n†­9,StatusRetired,Failure
ISAS,"Mu Pad, Uchinoura Space Center, Japan","Fri Aug 30, 1991 02:30 UTC",Mu-III S2 | Yohkoh,StatusRetired,Success
RVSN USSR,"Site 31/6, Baikonur Cosmodrome, Kazakhstan","Thu Aug 29, 1991 06:48 UTC",Vostok-2M | IRS-1B,StatusRetired,Success
MHI,"LA-Y1, Tanegashima Space Center, Japan","Sun Aug 25, 1991 08:40 UTC",H-I UM-129A (9SO) | BS-3B,StatusRetired,Success
MHI,"SLC-N, Tanegashima Space Center, Japan","Sun Aug 25, 1991 08:40 UTC",H-I (9 SO) | BS-3B (Yuri-3B),StatusRetired,Success
RVSN USSR,"Site 132/1, Plesetsk Cosmodrome, Russia","Thu Aug 22, 1991 12:35 UTC",Cosmos-3M (11K65M) | Cosmos 2154,StatusRetired,Success
RVSN USSR,"Site 32/2, Plesetsk Cosmodrome, Russia","Thu Aug 15, 1991 09:14 UTC",Tsyklon-3 | Meteor-3 n†­5,StatusRetired,Success
Arianespace,"ELA-2, Guiana Space Centre, French Guiana, France","Wed Aug 14, 1991 23:15 UTC",Ariane 44L | Intelsat 605,StatusRetired,Success
NASA,"LC-39A, Kennedy Space Center, Florida, USA","Fri Aug 02, 1991 15:02 UTC",Space Shuttle Atlantis | STS-43,StatusRetired,Success
RVSN USSR,"Site 43/4, Plesetsk Cosmodrome, Russia","Thu Aug 01, 1991 11:53 UTC",Molniya-M /Block ML | Molniya-1 n†­150,StatusRetired,Success
Northrop,"NB-52B Carrier, Edwards AFB, California, USA","Sun Jul 21, 1991 17:33 UTC",Pegasus/HAPS | 7 Microsats,StatusRetired,Partial Failure
Arianespace,"ELA-2, Guiana Space Centre, French Guiana, France","Wed Jul 17, 1991 01:46 UTC","Ariane 40 | ERS-1, Oscar 22, Orbcomm-X, Tubsat-A, SARA",StatusRetired,Success
Boeing,"SLC-17A, Cape Canaveral AFS, Florida, USA","Thu Jul 04, 1991 02:32 UTC",Delta II 7925 | USA-71 (GPS IIA-2),StatusRetired,Success
RVSN USSR,"Site 132/1, Plesetsk Cosmodrome, Russia","Tue Jun 25, 1991 13:20 UTC",Cosmos-3M (11K65M) | Ta??foun n†­59,StatusRetired,Failure
RVSN USSR,"Site 43/4, Plesetsk Cosmodrome, Russia","Tue Jun 18, 1991 09:09 UTC",Molniya-M /Block ML | Molniya-1 n†­149,StatusRetired,Success
RVSN USSR,"Site 32/2, Plesetsk Cosmodrome, Russia","Thu Jun 13, 1991 15:41 UTC",Tsyklon-3 | Cosmos 2151,StatusRetired,Success
RVSN USSR,"Site 133/3, Plesetsk Cosmodrome, Russia","Tue Jun 11, 1991 05:42 UTC",Cosmos-3M (11K65M) | Cosmos 2150,StatusRetired,Success
NASA,"LC-39B, Kennedy Space Center, Florida, USA","Wed Jun 05, 1991 13:24 UTC",Space Shuttle Columbia | STS-40,StatusRetired,Success
RVSN USSR,"Site 32/2, Plesetsk Cosmodrome, Russia","Tue Jun 04, 1991 09:00 UTC",Tsyklon-3 | Okean 3,StatusRetired,Success
Boeing,"SLC-17B, Cape Canaveral AFS, Florida, USA","Wed May 29, 1991 22:55 UTC",Delta II 7925 | Aurora 2,StatusRetired,Success
RVSN USSR,"Site 32/2, Plesetsk Cosmodrome, Russia","Thu May 16, 1991 21:40 UTC",Tsyklon-3 | Cosmos 2143 to 2148,StatusRetired,Success
General Dynamics,"SLC-3W, Vandenberg AFB, California, USA","Tue May 14, 1991 15:52 UTC",Atlas-E/F Star-37S-ISS | NOAA-D,StatusRetired,Success
NASA,"LC-39A, Kennedy Space Center, Florida, USA","Sun Apr 28, 1991 11:33 UTC",Space Shuttle Discovery | STS-39,StatusRetired,Success
RVSN USSR,"Site 32/2, Plesetsk Cosmodrome, Russia","Wed Apr 24, 1991 01:36 UTC",Tsyklon-3 | Meteor-3 n†­4,StatusRetired,Success
General Dynamics,"SLC-36B, Cape Canaveral AFS, Florida, USA","Thu Apr 18, 1991 23:30 UTC",Atlas I | Yuri 3H,StatusRetired,Failure
RVSN USSR,"Site 132/1, Plesetsk Cosmodrome, Russia","Tue Apr 16, 1991 07:21 UTC",Cosmos-3M (11K65M) | Cosmos 2142,StatusRetired,Success
Boeing,"SLC-17B, Cape Canaveral AFS, Florida, USA","Sat Apr 13, 1991 00:09 UTC",Delta II 7925 | ASC-2 (Spacenet F4),StatusRetired,Success
NASA,"LC-39B, Kennedy Space Center, Florida, USA","Fri Apr 05, 1991 14:22 UTC",Space Shuttle Atlantis | STS-37,StatusRetired,Success
Arianespace,"ELA-2, Guiana Space Centre, French Guiana, France","Thu Apr 04, 1991 23:33 UTC",Ariane 44P | Anik E2,StatusRetired,Success
RVSN USSR,"Site 43/3, Plesetsk Cosmodrome, Russia","Fri Mar 22, 1991 12:19 UTC",Molniya-M /Block ML | Molniya-3 n†­148,StatusRetired,Success
RVSN USSR,"Site 132/1, Plesetsk Cosmodrome, Russia","Tue Mar 19, 1991 14:30 UTC",Cosmos-3M (11K65M) | Cosmos 2137,StatusRetired,Success
RVSN USSR,"Site 133/3, Plesetsk Cosmodrome, Russia","Tue Mar 12, 1991 19:29 UTC",Cosmos-3M (11K65M) | Nadiezhda n†­6,StatusRetired,Success
Boeing,"SLC-17B, Cape Canaveral AFS, Florida, USA","Fri Mar 08, 1991 23:03 UTC",Delta II 6925 | Inmarsat-2 F2,StatusRetired,Success
Martin Marietta,"SLC-4E, Vandenberg AFB, California, USA","Fri Mar 08, 1991 12:03 UTC",Titan IV(403)A | Lacrosse,StatusRetired,Success
Arianespace,"ELA-2, Guiana Space Centre, French Guiana, France","Sat Mar 02, 1991 23:36 UTC","Ariane 44LP | Astra 1B, Meteosat 5",StatusRetired,Success
RVSN USSR,"Site 133/3, Plesetsk Cosmodrome, Russia","Tue Feb 26, 1991 04:53 UTC",Cosmos-3M (11K65M) | Cosmos 2135,StatusRetired,Success
RVSN USSR,"Site 43/3, Plesetsk Cosmodrome, Russia","Fri Feb 15, 1991 15:19 UTC",Molniya-M /Block ML | Molniya-1 n†­147,StatusRetired,Success
RVSN USSR,"Site 133/3, Plesetsk Cosmodrome, Russia","Tue Feb 12, 1991 02:44 UTC",Cosmos-3M (11K65M) | Cosmos 2125 to 2132,StatusRetired,Success
RVSN USSR,"Site 133/3, Plesetsk Cosmodrome, Russia","Tue Feb 05, 1991 02:36 UTC",Cosmos-3M (11K65M) | Cosmos 2123,StatusRetired,Success
RVSN USSR,"Site 133/3, Plesetsk Cosmodrome, Russia","Tue Jan 29, 1991",Cosmos-3M (11K65M) | Oscar-21,StatusRetired,Success
RVSN USSR,"Site 90/20, Baikonur Cosmodrome, Kazakhstan","Fri Jan 18, 1991 11:34 UTC",Tsyklon-2 | Cosmos 2122,StatusRetired,Success
Arianespace,"ELA-2, Guiana Space Centre, French Guiana, France","Tue Jan 15, 1991 23:10 UTC","Ariane 44L | Italsat-1, Eutelsat 2F2",StatusRetired,Success
Boeing,"SLC-17B, Cape Canaveral AFS, Florida, USA","Tue Jan 08, 1991 00:53 UTC",Delta II 7925 | NATO 4A,StatusRetired,Success
RVSN USSR,"Site 32/2, Plesetsk Cosmodrome, Russia","Sat Dec 22, 1990 07:28 UTC",Tsyklon-3 | Cosmos 2114 to 2119,StatusRetired,Success
RVSN USSR,"Site 133/3, Plesetsk Cosmodrome, Russia","Mon Dec 10, 1990 07:54 UTC",Cosmos-3M (11K65M) | Cosmos 2112,StatusRetired,Success
RVSN USSR,"Site 90/20, Baikonur Cosmodrome, Kazakhstan","Tue Dec 04, 1990 00:48 UTC",Tsyklon-2 | Cosmos 2107,StatusRetired,Success
NASA,"LC-39B, Kennedy Space Center, Florida, USA","Sun Dec 02, 1990 06:49 UTC",Space Shuttle Columbia | STS-35,StatusRetired,Success
General Dynamics,"SLC-3W, Vandenberg AFB, California, USA","Sat Dec 01, 1990 15:57 UTC",Atlas-E/F Star-37S-ISS | DMSP F-10,StatusRetired,Success
RVSN USSR,"Site 32/2, Plesetsk Cosmodrome, Russia","Wed Nov 28, 1990",Tsyklon-3 | Cosmos 2106,StatusRetired,Success
Boeing,"SLC-17A, Cape Canaveral AFS, Florida, USA","Mon Nov 26, 1990 21:39 UTC",Delta II 7925 | USA-66 (GPS IIA-1),StatusRetired,Success
RVSN USSR,"Site 43/3, Plesetsk Cosmodrome, Russia","Fri Nov 23, 1990 03:51 UTC",Molniya-M /Block ML | Molniya-1 n†­146,StatusRetired,Success
RVSN USSR,"Site 131/29, Baikonur Cosmodrome, Kazakhstan","Tue Nov 20, 1990",Rokot/Briz K | GVM Demo Flight,StatusRetired,Success
Arianespace,"ELA-2, Guiana Space Centre, French Guiana, France","Tue Nov 20, 1990 23:11 UTC","Ariane 42P | Satcom C1, GStar-4",StatusRetired,Success
RVSN USSR,"Site 16/2, Plesetsk Cosmodrome, Russia","Tue Nov 20, 1990 02:33 UTC",Molniya-M /Block 2BL | Cosmos 2105,StatusRetired,Success
NASA,"LC-39A, Kennedy Space Center, Florida, USA","Thu Nov 15, 1990 23:48 UTC",Space Shuttle Atlantis | STS-38,StatusRetired,Success
RVSN USSR,"Site 90/20, Baikonur Cosmodrome, Kazakhstan","Wed Nov 14, 1990 06:33 UTC",Tsyklon-2 | Cosmos 2103,StatusRetired,Success
Martin Marietta,"SLC-41, Cape Canaveral AFS, Florida, USA","Tue Nov 13, 1990 00:37 UTC",Titan IV(402)A | DSP,StatusRetired,Success
Boeing,"SLC-17B, Cape Canaveral AFS, Florida, USA","Tue Oct 30, 1990 23:16 UTC",Delta II 6925 | Inmarsat-2 F1,StatusRetired,Success
Boeing,"SLC-17B, Cape Canaveral AFS, Florida, USA","Thu Oct 18, 1990 05:39 UTC",Delta II 6925 | Thor 1,StatusRetired,Success
Arianespace,"ELA-2, Guiana Space Centre, French Guiana, France","Fri Oct 12, 1990 22:58 UTC","Ariane 44L | SBS-6, Galaxy-6",StatusRetired,Success
NASA,"LC-39B, Kennedy Space Center, Florida, USA","Sat Oct 06, 1990 11:47 UTC",Space Shuttle Discovery | STS-41,StatusRetired,Success
CASC,"Site 138 (LA-2B), Jiuquan Satellite Launch Center, China","Fri Oct 05, 1990 06:14 UTC",Long March 2C | FSW-1 No.3,StatusActive,Success
RVSN USSR,"Site 45/2, Baikonur Cosmodrome, Kazakhstan","Thu Oct 04, 1990 04:27 UTC",Zenit-2 | Tselina-2 n†­8,StatusRetired,Failure
Boeing,"SLC-17A, Cape Canaveral AFS, Florida, USA","Tue Oct 02, 1990 05:39 UTC",Delta II 6925 | USA-63 (GPS II-8),StatusRetired,Success
RVSN USSR,"Site 32/1, Plesetsk Cosmodrome, Russia","Fri Sep 28, 1990 07:30 UTC",Tsyklon-3 | Meteor-2 n†­20,StatusRetired,Success
RVSN USSR,"Site 43/4, Plesetsk Cosmodrome, Russia","Thu Sep 20, 1990 20:16 UTC",Molniya-M /Block ML | Molniya-3 n†­145,StatusRetired,Success
RVSN USSR,"Site 133/3, Plesetsk Cosmodrome, Russia","Fri Sep 14, 1990 05:59 UTC",Cosmos-3M (11K65M) | Cosmos 2100,StatusRetired,Success
CASC,"Taiyuan Satellite Launch Center, China","Mon Sep 03, 1990 00:53 UTC",Long March 4A | Fengyun-1B,StatusRetired,Success
Arianespace,"ELA-2, Guiana Space Centre, French Guiana, France","Thu Aug 30, 1990 22:46 UTC","Ariane 44L | Skynet 4C, Eutelsat 2F1",StatusRetired,Success
RVSN USSR,"Site 133/3, Plesetsk Cosmodrome, Russia","Tue Aug 28, 1990 15:45 UTC",Cosmos-3M (11K65M) | Cosmos 2098,StatusRetired,Success
MHI,"LA-Y1, Tanegashima Space Center, Japan","Tue Aug 28, 1990 09:05 UTC",H-I UM-129A (9SO) | BS-3A,StatusRetired,Success
MHI,"SLC-N, Tanegashima Space Center, Japan","Tue Aug 28, 1990 09:05 UTC",H-I (9 SO) | BS-3A (Yuri-3A),StatusRetired,Success
RVSN USSR,"Site 43/4, Plesetsk Cosmodrome, Russia","Tue Aug 28, 1990 07:46 UTC",Molniya-M /Block 2BL | Cosmos 2097,StatusRetired,Success
RVSN USSR,"Site 90/20, Baikonur Cosmodrome, Kazakhstan","Thu Aug 23, 1990 16:17 UTC",Tsyklon-2 | Cosmos 2096,StatusRetired,Success
RVSN USSR,"Site 43/4, Plesetsk Cosmodrome, Russia","Fri Aug 10, 1990 20:18 UTC",Molniya-M /Block ML | Molniya-1 n†­144,StatusRetired,Success
RVSN USSR,"Site 32/2, Plesetsk Cosmodrome, Russia","Wed Aug 08, 1990 14:15 UTC",Tsyklon-3 | Cosmos 2090 to 2095,StatusRetired,Success
RVSN USSR,"Site 32/1, Plesetsk Cosmodrome, Russia","Mon Jul 30, 1990 00:06 UTC",Tsyklon-3 | Cosmos 2088,StatusRetired,Success
General Dynamics,"SLC-36B, Cape Canaveral AFS, Florida, USA","Wed Jul 25, 1990 19:21 UTC",Atlas I | CRRES,StatusRetired,Success
RVSN USSR,"Site 16/2, Plesetsk Cosmodrome, Russia","Wed Jul 25, 1990 18:13 UTC",Molniya-M /Block 2BL | Cosmos 2087,StatusRetired,Success
Arianespace,"ELA-2, Guiana Space Centre, French Guiana, France","Tue Jul 24, 1990 22:25 UTC","Ariane 44L | TDF-2, DFS-2",StatusRetired,Success
CASC,"LC-2, Xichang Satellite Launch Center, China","Mon Jul 16, 1990 00:40 UTC","Long March 2E | Optus-B, Badr-1, mass simulator",StatusRetired,Success
RVSN USSR,"Site 32/1, Plesetsk Cosmodrome, Russia","Mon Jun 25, 1990 22:29 UTC",Tsyklon-3 | Meteor-2 n†­19,StatusRetired,Success
Martin Marietta,"SLC-40, Cape Canaveral AFS, Florida, USA","Sat Jun 23, 1990 11:19 UTC",Commercial Titan III | Intelsat 604,StatusRetired,Success
RVSN USSR,"Site 43/3, Plesetsk Cosmodrome, Russia","Thu Jun 21, 1990 20:45 UTC",Molniya-M /Block 2BL | Cosmos 2084,StatusRetired,Partial Failure
RVSN USSR,"Site 43/3, Plesetsk Cosmodrome, Russia","Wed Jun 13, 1990 01:07 UTC",Molniya-M /Block ML | Molniya-3 n†­143,StatusRetired,Success
Boeing,"SLC-17B, Cape Canaveral AFS, Florida, USA","Tue Jun 12, 1990 05:52 UTC",Delta 4925-8 | INSAT 1D,StatusRetired,Success
Martin Marietta,"SLC-41, Cape Canaveral AFS, Florida, USA","Fri Jun 08, 1990 05:22 UTC",Titan IV(405)A | SLDCOM & NOSS 3x,StatusRetired,Success
Boeing,"SLC-17A, Cape Canaveral AFS, Florida, USA","Fri Jun 01, 1990 21:48 UTC",Delta II 6920-10 | ROSAT,StatusRetired,Success
RVSN USSR,"Site 45/2, Baikonur Cosmodrome, Kazakhstan","Tue May 22, 1990 05:14 UTC",Zenit-2 | Cosmos 2082,StatusRetired,Success
RVSN USSR,"Site 16/2, Plesetsk Cosmodrome, Russia","Sat Apr 28, 1990 11:37 UTC",Molniya-M /Block 2BL | Cosmos 2076,StatusRetired,Success
RVSN USSR,"Site 43/4, Plesetsk Cosmodrome, Russia","Thu Apr 26, 1990 01:37 UTC",Molniya-M /Block ML | Molniya-1 n†­142,StatusRetired,Success
RVSN USSR,"Site 132/2, Plesetsk Cosmodrome, Russia","Wed Apr 25, 1990 13:00 UTC",Cosmos-3M (11K65M) | Cosmos 2075,StatusRetired,Success
NASA,"LC-39B, Kennedy Space Center, Florida, USA","Tue Apr 24, 1990 12:33 UTC",Space Shuttle Discovery | STS-31,StatusRetired,Success
RVSN USSR,"Site 133/3, Plesetsk Cosmodrome, Russia","Fri Apr 20, 1990 18:41 UTC",Cosmos-3M (11K65M) | Cosmos 2074,StatusRetired,Success
Boeing,"SLC-17B, Cape Canaveral AFS, Florida, USA","Fri Apr 13, 1990 22:28 UTC",Delta II 6925-8 | Palapa B2R,StatusRetired,Success
Lockheed,"SLC-3W, Vandenberg AFB, California, USA","Wed Apr 11, 1990 15:00 UTC",Atlas-E/F Altair | USA-56/57/58,StatusRetired,Success
CASC,"LC-3, Xichang Satellite Launch Center, China","Sat Apr 07, 1990 13:30 UTC",Long March 3 | AsiaSat 1,StatusRetired,Success
RVSN USSR,"Site 133/3, Plesetsk Cosmodrome, Russia","Fri Apr 06, 1990 03:12 UTC",Cosmos-3M (11K65M) | Cosmos 2064 to 2071,StatusRetired,Success
Northrop,"NB-52B Carrier, Edwards AFB, California, USA","Thu Apr 05, 1990 19:10 UTC",Pegasus | Pegsat & NavySat,StatusRetired,Success
IAI,"Pad 1, Palmachim Airbase, Israel","Tue Apr 03, 1990",Shavit | Ofek-2,StatusRetired,Success
RVSN USSR,"Site 43/3, Plesetsk Cosmodrome, Russia","Tue Mar 27, 1990 16:40 UTC",Molniya-M /Block 2BL | Cosmos 2063,StatusRetired,Success
Boeing,"SLC-17A, Cape Canaveral AFS, Florida, USA","Mon Mar 26, 1990 02:45 UTC",Delta II 6925 | USA-54 (GPS II-7),StatusRetired,Success
RVSN USSR,"Site 133/3, Plesetsk Cosmodrome, Russia","Tue Mar 20, 1990 00:25 UTC",Cosmos-3M (11K65M) | Cosmos 2061,StatusRetired,Success
RVSN USSR,"Site 90/20, Baikonur Cosmodrome, Kazakhstan","Wed Mar 14, 1990 15:27 UTC",Tsyklon-2 | Cosmos 2060,StatusRetired,Success
Martin Marietta,"SLC-40, Cape Canaveral AFS, Florida, USA","Wed Mar 14, 1990 11:52 UTC",Commercial Titan III | Intelsat 603,StatusRetired,Failure
NASA,"LC-39A, Kennedy Space Center, Florida, USA","Wed Feb 28, 1990 07:50 UTC",Space Shuttle Atlantis | STS-36,StatusRetired,Success
RVSN USSR,"Site 32/2, Plesetsk Cosmodrome, Russia","Wed Feb 28, 1990 00:55 UTC",Tsyklon-3 | Okean 2,StatusRetired,Success
RVSN USSR,"Site 132/2, Plesetsk Cosmodrome, Russia","Tue Feb 27, 1990 20:59 UTC",Cosmos-3M (11K65M) | Nadiezhda n†­5,StatusRetired,Success
Arianespace,"ELA-2, Guiana Space Centre, French Guiana, France","Thu Feb 22, 1990 23:17 UTC","Ariane 44L | Superbird-B, BS-2X",StatusRetired,Failure
Boeing,"SLC-17B, Cape Canaveral AFS, Florida, USA","Wed Feb 14, 1990 16:15 UTC",Delta II 6920-8 | LACE / RME,StatusRetired,Success
MHI,"LA-Y1, Tanegashima Space Center, Japan","Wed Feb 07, 1990 01:33 UTC","H-I (9 SO) | Orizuru, Fuji 1b & Momo-1b",StatusRetired,Success
MHI,"SLC-N, Tanegashima Space Center, Japan","Wed Feb 07, 1990 01:33 UTC",H-I (9 SO) | MOS-1B / Oscar 20 / DEBUT,StatusRetired,Success
RVSN USSR,"Site 132/2, Plesetsk Cosmodrome, Russia","Tue Feb 06, 1990",Cosmos-3M (11K65M) | Cosmos 2059,StatusRetired,Success
CASC,"LC-3, Xichang Satellite Launch Center, China","Sun Feb 04, 1990 12:28 UTC",Long March 3 | DFH-2A-T4,StatusRetired,Success
Boeing,"SLC-17A, Cape Canaveral AFS, Florida, USA","Tue Jan 30, 1990 21:56 UTC",Delta II 6925 | USA-64 (GPS II-9),StatusRetired,Success
RVSN USSR,"Site 32/1, Plesetsk Cosmodrome, Russia","Tue Jan 30, 1990 11:20 UTC",Tsyklon-3 | Cosmos 2058,StatusRetired,Success
Boeing,"SLC-17A, Cape Canaveral AFS, Florida, USA","Wed Jan 24, 1990 22:55 UTC",Delta II 6925 | USA-50 (GPS II-6),StatusRetired,Success
ISAS,"Mu Pad, Uchinoura Space Center, Japan","Wed Jan 24, 1990 11:46 UTC",Mu-III S2 | Hiten,StatusRetired,Success
RVSN USSR,"Site 43/4, Plesetsk Cosmodrome, Russia","Tue Jan 23, 1990 02:51 UTC",Molniya-M /Block ML | Molniya-3 n†­141,StatusRetired,Success
Arianespace,"ELA-2, Guiana Space Centre, French Guiana, France","Mon Jan 22, 1990 01:35 UTC","Ariane 40 | SPOT-2, Oscar 14-19",StatusRetired,Success
RVSN USSR,"Site 133/3, Plesetsk Cosmodrome, Russia","Thu Jan 18, 1990 12:52 UTC",Cosmos-3M (11K65M) | Cosmos 2056,StatusRetired,Success
NASA,"LC-39A, Kennedy Space Center, Florida, USA","Tue Jan 09, 1990 12:35 UTC",Space Shuttle Columbia | STS-32,StatusRetired,Success
Martin Marietta,"SLC-40, Cape Canaveral AFS, Florida, USA","Mon Jan 01, 1990 00:07 UTC",Commercial Titan III | Skynet 4A & JCSAT-2,StatusRetired,Success
RVSN USSR,"Site 32/2, Plesetsk Cosmodrome, Russia","Wed Dec 27, 1989",Tsyklon-3 | Cosmos 2053,StatusRetired,Success
Boeing,"SLC-17B, Cape Canaveral AFS, Florida, USA","Mon Dec 11, 1989 18:10 UTC",Delta II 6925 | NAVSTAR II-5,StatusRetired,Success
RVSN USSR,"Site 43/3, Plesetsk Cosmodrome, Russia","Tue Nov 28, 1989 10:01 UTC",Molniya-M /Block ML | Molniya-3 n†­140,StatusRetired,Success
RVSN USSR,"Site 90/20, Baikonur Cosmodrome, Kazakhstan","Fri Nov 24, 1989 23:22 UTC",Tsyklon-2 | Cosmos 2051,StatusRetired,Success
RVSN USSR,"Site 16/2, Plesetsk Cosmodrome, Russia","Thu Nov 23, 1989 20:35 UTC",Molniya-M /Block 2BL | Cosmos 2050,StatusRetired,Success
NASA,"LC-39B, Kennedy Space Center, Florida, USA","Thu Nov 23, 1989 00:23 UTC",Space Shuttle Discovery | STS-33R,StatusRetired,Success
Arianespace,"ELA-2, Guiana Space Centre, French Guiana, France","Fri Oct 27, 1989 23:05 UTC",Ariane 44L | Intelsat 6AF2,StatusRetired,Success
RVSN USSR,"Site 32/1, Plesetsk Cosmodrome, Russia","Tue Oct 24, 1989 21:35 UTC",Tsyklon-3 | Meteor-3 n†­3,StatusRetired,Success
NASA,"LC-39B, Kennedy Space Center, Florida, USA","Wed Oct 18, 1989 16:53 UTC",Space Shuttle Atlantis | STS-34R,StatusRetired,Success
RVSN USSR,"Site 32/2, Plesetsk Cosmodrome, Russia","Thu Sep 28, 1989 00:04 UTC",Tsyklon-3 | Intercosmos 24 & Magion 2,StatusRetired,Success
RVSN USSR,"Site 90/20, Baikonur Cosmodrome, Kazakhstan","Wed Sep 27, 1989 16:20 UTC",Tsyklon-2 | Cosmos 2046,StatusRetired,Success
RVSN USSR,"Site 43/4, Plesetsk Cosmodrome, Russia","Wed Sep 27, 1989 14:38 UTC",Molniya-M /Block ML | Molniya-1 n†­139,StatusRetired,Success
General Dynamics,"SLC-36B, Cape Canaveral AFS, Florida, USA","Mon Sep 25, 1989 08:56 UTC",Atlas-G Centaur-D1AR | FLTSATCOM-8,StatusRetired,Success
RVSN USSR,"Site 32/1, Plesetsk Cosmodrome, Russia","Thu Sep 14, 1989 09:49 UTC",Tsyklon-3 | Cosmos 2038 to 2043,StatusRetired,Success
Martin Marietta,"SLC-4W, Vandenberg AFB, California, USA","Wed Sep 06, 1989 01:48 UTC",Titan II(23)G | USA-45,StatusRetired,Success
MHI,"LA-Y1, Tanegashima Space Center, Japan","Tue Sep 05, 1989 19:11 UTC",H-I UM-129A (6SO) | Himawari 4,StatusRetired,Success
Martin Marietta,"SLC-40, Cape Canaveral AFS, Florida, USA","Mon Sep 04, 1989 05:54 UTC",Titan 34D | DSCS-II-16 & DSCS-III-A2,StatusRetired,Success
RVSN USSR,"Site 32/2, Plesetsk Cosmodrome, Russia","Mon Aug 28, 1989 00:14 UTC",Tsyklon-3 | Cosmos 2037,StatusRetired,Success
Boeing,"SLC-17B, Cape Canaveral AFS, Florida, USA","Sun Aug 27, 1989 22:59 UTC",Delta II 6925 | BSB-R1,StatusRetired,Success
Boeing,"SLC-17A, Cape Canaveral AFS, Florida, USA","Fri Aug 18, 1989 05:58 UTC",Delta II 6925 | NAVSTAR II-3,StatusRetired,Success
Arianespace,"ELA-2, Guiana Space Centre, French Guiana, France","Tue Aug 08, 1989 23:25 UTC","Ariane 44LP | TVSAT-2, Hipparcos",StatusRetired,Success
NASA,"LC-39B, Kennedy Space Center, Florida, USA","Tue Aug 08, 1989 12:37 UTC",Space Shuttle Columbia | STS-28R,StatusRetired,Success
RVSN USSR,"Site 133/3, Plesetsk Cosmodrome, Russia","Tue Jul 25, 1989 07:48 UTC",Cosmos-3M (11K65M) | Cosmos 2034,StatusRetired,Success
RVSN USSR,"Site 90/20, Baikonur Cosmodrome, Kazakhstan","Mon Jul 24, 1989 00:00 UTC",Tsyklon-2 | Cosmos 2033,StatusRetired,Success
Arianespace,"ELA-1, Guiana Space Centre, French Guiana, France","Wed Jul 12, 1989 00:14 UTC",Ariane 3 | Olympus-1,StatusRetired,Success
RVSN USSR,"Site 133/3, Plesetsk Cosmodrome, Russia","Tue Jul 04, 1989 15:21 UTC",Cosmos-3M (11K65M) | Nadiezhda n†­4,StatusRetired,Success
Martin Marietta,"SLC-41, Cape Canaveral AFS, Florida, USA","Wed Jun 14, 1989 13:18 UTC",Titan IV(402)A | DSP,StatusRetired,Success
RVSN USSR,"Site 133/3, Plesetsk Cosmodrome, Russia","Wed Jun 14, 1989 12:30 UTC",Cosmos-3M (11K65M) | Cosmos 2027,StatusRetired,Success
Boeing,"SLC-17A, Cape Canaveral AFS, Florida, USA","Sat Jun 10, 1989 22:30 UTC",Delta II 6925 | NAVSTAR II-2,StatusRetired,Success
RVSN USSR,"Site 32/2, Plesetsk Cosmodrome, Russia","Fri Jun 09, 1989 10:10 UTC",Tsyklon-3 | Okean 2a,StatusRetired,Failure
RVSN USSR,"Site 43/3, Plesetsk Cosmodrome, Russia","Thu Jun 08, 1989 17:09 UTC",Molniya-M /Block ML | Molniya-3 n†­138,StatusRetired,Success
RVSN USSR,"Site 132/2, Plesetsk Cosmodrome, Russia","Wed Jun 07, 1989 05:12 UTC",Cosmos-3M (11K65M) | Cosmos 2026,StatusRetired,Success
Arianespace,"ELA-2, Guiana Space Centre, French Guiana, France","Mon Jun 05, 1989 22:37 UTC","Ariane 44L | Superbird-A, DFS-1",StatusRetired,Success
ISRO,"SLV LP, Satish Dhawan Space Centre, India","Mon May 22, 1989 01:40 UTC",ASLV | SROSS C,StatusRetired,Partial Failure
Martin Marietta,"SLC-40, Cape Canaveral AFS, Florida, USA","Wed May 10, 1989 19:47 UTC",Titan 34D | USA-37 (Vortex),StatusRetired,Success
NASA,"LC-39B, Kennedy Space Center, Florida, USA","Thu May 04, 1989 18:46 UTC",Space Shuttle Atlantis | STS-30R,StatusRetired,Success
RVSN USSR,"Site 132/2, Plesetsk Cosmodrome, Russia","Tue Apr 04, 1989 18:36 UTC",Cosmos-3M (11K65M) | Cosmos 2016,StatusRetired,Success
Arianespace,"ELA-1, Guiana Space Centre, French Guiana, France","Sun Apr 02, 1989 02:28 UTC",Ariane 2 | TELE-X,StatusRetired,Success
Douglas,"SLC-17A, Cape Canaveral AFS, Florida, USA","Fri Mar 24, 1989 21:50 UTC",Delta 3920-8 | Delta Star (USA 36),StatusRetired,Success
RVSN USSR,"Site 132/2, Plesetsk Cosmodrome, Russia","Fri Mar 24, 1989 13:38 UTC",Cosmos-3M (11K65M) | Cosmos 2008 to 2015,StatusRetired,Success
NASA,"LC-39B, Kennedy Space Center, Florida, USA","Mon Mar 13, 1989 14:57 UTC",Space Shuttle Discovery | STS-29R,StatusRetired,Success
Arianespace,"ELA-2, Guiana Space Centre, French Guiana, France","Mon Mar 06, 1989 23:29 UTC",Ariane 44LP | JCSAT-1 & Meteosat 4,StatusRetired,Success
RVSN USSR,"Site 32/2, Plesetsk Cosmodrome, Russia","Tue Feb 28, 1989 04:04 UTC",Tsyklon-3 | Meteor-2 n†­18,StatusRetired,Success
RVSN USSR,"Site 132/2, Plesetsk Cosmodrome, Russia","Sun Feb 26, 1989 15:36 UTC",Cosmos-3M (11K65M) | Cosmos 1992,StatusRetired,Success
RVSN USSR,"Site 132/2, Plesetsk Cosmodrome, Russia","Wed Feb 22, 1989 03:28 UTC",Cosmos-3M (11K65M) | Cosmos 2004,StatusRetired,Success
ISAS,"Mu Pad, Uchinoura Space Center, Japan","Tue Feb 21, 1989 23:30 UTC",Mu-III S2 | Akebono,StatusRetired,Success
RVSN USSR,"Site 1/5, Baikonur Cosmodrome, Kazakhstan","Wed Feb 15, 1989 11:00 UTC",Molniya-M /Block ML | Molniya-1 n†­137,StatusRetired,Success
RVSN USSR,"Site 132/2, Plesetsk Cosmodrome, Russia","Tue Feb 14, 1989",Cosmos-3M (11K65M) | Cosmos 2002,StatusRetired,Success
Boeing,"SLC-17A, Cape Canaveral AFS, Florida, USA","Tue Feb 14, 1989 18:30 UTC",Delta II 6925 | NAVSTAR II-1 (USA 35),StatusRetired,Success
RVSN USSR,"Site 43/3, Plesetsk Cosmodrome, Russia","Tue Feb 14, 1989 04:21 UTC",Molniya-M /Block 2BL | Cosmos 2001,StatusRetired,Success
RVSN USSR,"Site 32/1, Plesetsk Cosmodrome, Russia","Fri Feb 10, 1989 15:13 UTC",Tsyklon-3 | Cosmos 1994 to 1999,StatusRetired,Success
Arianespace,"ELA-1, Guiana Space Centre, French Guiana, France","Fri Jan 27, 1989 01:21 UTC",Ariane 2 | Intelsat-5A 15,StatusRetired,Success
RVSN USSR,"Site 43/3, Plesetsk Cosmodrome, Russia","Wed Dec 28, 1988 05:27 UTC",Molniya-M /Block ML | Molniya-1 n†­136,StatusRetired,Success
RVSN USSR,"Site 32/1, Plesetsk Cosmodrome, Russia","Fri Dec 23, 1988",Tsyklon-3 | Cosmos 1985,StatusRetired,Success
RVSN USSR,"Site 43/3, Plesetsk Cosmodrome, Russia","Thu Dec 22, 1988 14:15 UTC",Molniya-M /Block ML | Molniya-3 n†­135,StatusRetired,Success
CASC,"LC-3, Xichang Satellite Launch Center, China","Thu Dec 22, 1988 12:40 UTC",Long March 3 | DFH-2A-T3,StatusRetired,Success
Arianespace,"ELA-2, Guiana Space Centre, French Guiana, France","Sun Dec 11, 1988 00:33 UTC","Ariane 44LP | Skynet 4B, Astra 1A",StatusRetired,Success
NASA,"LC-39B, Kennedy Space Center, Florida, USA","Fri Dec 02, 1988 14:30 UTC",Space Shuttle Atlantis | STS-27R,StatusRetired,Success
RVSN USSR,"Site 45/1, Baikonur Cosmodrome, Kazakhstan","Wed Nov 23, 1988 14:50 UTC",Zenit-2 | Cosmos 1980,StatusRetired,Success
RVSN USSR,"Site 90/19, Baikonur Cosmodrome, Kazakhstan","Fri Nov 18, 1988 00:12 UTC",Tsyklon-2 | Cosmos 1979,StatusRetired,Success
RVSN USSR,"Site 110/37, Baikonur Cosmodrome, Kazakhstan","Tue Nov 15, 1988 03:00 UTC",Energiya/Buran | Buran,StatusRetired,Success
Martin Marietta,"SLC-4E, Vandenberg AFB, California, USA","Sun Nov 06, 1988 18:03 UTC",Titan 34D | USA-33 (KH-11),StatusRetired,Success
Arianespace,"ELA-1, Guiana Space Centre, French Guiana, France","Fri Oct 28, 1988 02:17 UTC",Ariane 2 | TDF-1,StatusRetired,Success
RVSN USSR,"Site 41/1, Plesetsk Cosmodrome, Russia","Tue Oct 25, 1988 18:02 UTC",Molniya-M /Block 2BL | Cosmos 1977,StatusRetired,Success
RVSN USSR,"Site 32/1, Plesetsk Cosmodrome, Russia","Tue Oct 11, 1988 08:01 UTC",Tsyklon-3 | Cosmos 1975,StatusRetired,Success
RVSN USSR,"Site 41/1, Plesetsk Cosmodrome, Russia","Mon Oct 03, 1988 22:23 UTC",Molniya-M /Block 2BL | Cosmos 1974,StatusRetired,Success
NASA,"LC-39A, Kennedy Space Center, Florida, USA","Thu Sep 29, 1988 15:37 UTC",Space Shuttle Discovery | STS-26R,StatusRetired,Success
RVSN USSR,"Site 41/1, Plesetsk Cosmodrome, Russia","Thu Sep 29, 1988 09:07 UTC",Molniya-M /Block ML | Molniya-3 n†­134,StatusRetired,Success
General Dynamics,"SLC-3W, Vandenberg AFB, California, USA","Sat Sep 24, 1988 10:02 UTC",Atlas-E/F Star-37S-ISS | NOAA-H,StatusRetired,Success
IAI,"Pad 1, Palmachim Airbase, Israel","Mon Sep 19, 1988",Shavit | Ofek-1,StatusRetired,Success
MHI,"LA-Y1, Tanegashima Space Center, Japan","Fri Sep 16, 1988 09:59 UTC",H-I UM-129A (9SO) | Sakura 3B,StatusRetired,Success
Arianespace,"ELA-2, Guiana Space Centre, French Guiana, France","Thu Sep 08, 1988 23:00 UTC","Ariane 3 | GStar 5, SBS 5",StatusRetired,Success
CASC,"Taiyuan Satellite Launch Center, China","Tue Sep 06, 1988 20:30 UTC",Long March 4A | Fengyun 1A,StatusRetired,Success
Martin Marietta,"SLC-4W, Vandenberg AFB, California, USA","Mon Sep 05, 1988 09:25 UTC",Titan II(23)G | USA-32,StatusRetired,Success
Martin Marietta,"SLC-40, Cape Canaveral AFS, Florida, USA","Fri Sep 02, 1988 12:05 UTC",Titan 34D | USA-31 (Vortex),StatusRetired,Partial Failure
RVSN USSR,"Site 16/2, Plesetsk Cosmodrome, Russia","Tue Aug 30, 1988 14:14 UTC",Molniya-M /Block 2BL | Cosmos 1966,StatusRetired,Success
CASC,"Site 138 (LA-2B), Jiuquan Satellite Launch Center, China","Fri Aug 05, 1988 07:29 UTC",Long March 2C | FSW-1 No.2,StatusActive,Success
ISRO,"SLV LP, Satish Dhawan Space Centre, India","Sun Jul 31, 1988 09:18 UTC",ASLV | SROSS-B,StatusRetired,Failure
RVSN USSR,"Site 132/1, Plesetsk Cosmodrome, Russia","Thu Jul 28, 1988 11:20 UTC",Cosmos-3M (11K65M) | Cosmos 1960,StatusRetired,Success
RVSN USSR,"Site 32/2, Plesetsk Cosmodrome, Russia","Tue Jul 26, 1988 05:01 UTC",Tsyklon-3 | Meteor-3 n†­2,StatusRetired,Success
Arianespace,"ELA-1, Guiana Space Centre, French Guiana, France","Thu Jul 21, 1988 23:12 UTC","Ariane 3 | Insat 1C, Eutelsat-1 F5",StatusRetired,Success
RVSN USSR,"Site 133/3, Plesetsk Cosmodrome, Russia","Mon Jul 18, 1988 22:28 UTC",Cosmos-3M (11K65M) | Cosmos 1959,StatusRetired,Success
RVSN USSR,"Site 132/1, Plesetsk Cosmodrome, Russia","Thu Jul 14, 1988 11:40 UTC",Cosmos-3M (11K65M) | Cosmos 1958,StatusRetired,Success
RVSN USSR,"Site 32/1, Plesetsk Cosmodrome, Russia","Tue Jul 05, 1988 09:45 UTC",Tsyklon-3 | Okean 1,StatusRetired,Success
RVSN USSR,"Site 86/1, Kapustin Yar, Russia","Wed Jun 22, 1988",Cosmos-3MRB (65MRB) | BOR-5 Shuttle,StatusRetired,Success
RVSN USSR,"Site 133/3, Plesetsk Cosmodrome, Russia","Tue Jun 21, 1988 16:26 UTC",Cosmos-3M (11K65M) | Cosmos 1954,StatusRetired,Success
ESA,"ELA-2, Guiana Space Centre, French Guiana, France","Wed Jun 15, 1988 11:19 UTC","Ariane 44LP | Meteosat 3, Panamsat-1, Oscar 13",StatusRetired,Success
RVSN USSR,"Site 32/2, Plesetsk Cosmodrome, Russia","Tue Jun 14, 1988 03:17 UTC",Tsyklon-3 | Cosmos 1953,StatusRetired,Success
RVSN USSR,"Site 32/2, Plesetsk Cosmodrome, Russia","Wed Jun 01, 1988 07:40 UTC",Tsyklon-3 | Cosmos 1908,StatusRetired,Success
RVSN USSR,"Site 32/1, Plesetsk Cosmodrome, Russia","Mon May 30, 1988 07:59 UTC",Tsyklon-3 | Cosmos 1950,StatusRetired,Success
RVSN USSR,"Site 90/19, Baikonur Cosmodrome, Kazakhstan","Sat May 28, 1988 02:49 UTC",Tsyklon-2 | Cosmos 1949,StatusRetired,Success
RVSN USSR,"Site 43/4, Plesetsk Cosmodrome, Russia","Thu May 26, 1988 15:27 UTC",Molniya-M /Block ML | Molniya-3 n†­132,StatusRetired,Success
Arianespace,"ELA-1, Guiana Space Centre, French Guiana, France","Tue May 17, 1988 23:58 UTC",Ariane 2 | Intelsat 3AF13,StatusRetired,Success
RVSN USSR,"Site 45/1, Baikonur Cosmodrome, Kazakhstan","Sun May 15, 1988 09:20 UTC",Zenit-2 | Cosmos 1943,StatusRetired,Success
RVSN USSR,"Site 31/6, Baikonur Cosmodrome, Kazakhstan","Wed Apr 20, 1988 05:48 UTC",Vostok-2M | Cosmos 1939,StatusRetired,Success
RVSN USSR,"Site 133/3, Plesetsk Cosmodrome, Russia","Tue Apr 05, 1988 14:31 UTC",Cosmos-3M (11K65M) | Cosmos 1937,StatusRetired,Success
ASI,"SM Launch Tab, San Marco Launch Platform, Kenya","Fri Mar 25, 1988 19:50 UTC",Scout G1 | San Marco 5,StatusRetired,Success
RVSN USSR,"Site 132/1, Plesetsk Cosmodrome, Russia","Tue Mar 22, 1988 14:07 UTC",Cosmos-3M (11K65M) | Cosmos 1934,StatusRetired,Success
RVSN USSR,"Site 43/4, Plesetsk Cosmodrome, Russia","Thu Mar 17, 1988 20:55 UTC",Molniya-M /Block ML | Molniya-1 n†­131,StatusRetired,Success
RVSN USSR,"Site 31/6, Baikonur Cosmodrome, Kazakhstan","Thu Mar 17, 1988 06:43 UTC",Vostok-2M | IRS-1A,StatusRetired,Success
RVSN USSR,"Site 32/2, Plesetsk Cosmodrome, Russia","Tue Mar 15, 1988 18:49 UTC",Tsyklon-3 | Cosmos 1933,StatusRetired,Success
RVSN USSR,"Site 90/19, Baikonur Cosmodrome, Kazakhstan","Mon Mar 14, 1988 14:21 UTC",Tsyklon-2 | Cosmos 1932,StatusRetired,Success
Arianespace,"ELA-1, Guiana Space Centre, French Guiana, France","Fri Mar 11, 1988 23:28 UTC","Ariane 3 | Spacenet 3R, Telecom 1C",StatusRetired,Success
RVSN USSR,"Site 1/5, Baikonur Cosmodrome, Kazakhstan","Fri Mar 11, 1988 06:38 UTC",Molniya-M /Block ML | Molniya-1 n†­130,StatusRetired,Success
RVSN USSR,"Site 132/1, Plesetsk Cosmodrome, Russia","Fri Mar 11, 1988 00:18 UTC",Cosmos-3M (11K65M) | Cosmos 1924 to 1931,StatusRetired,Success
CASC,"LC-3, Xichang Satellite Launch Center, China","Mon Mar 07, 1988 12:41 UTC",Long March 3 | DFH-2A-T2,StatusRetired,Success
RVSN USSR,"Site 41/1, Plesetsk Cosmodrome, Russia","Fri Feb 26, 1988 09:31 UTC",Molniya-M /Block 2BL | Cosmos 1922,StatusRetired,Success
MHI,"LA-Y1, Tanegashima Space Center, Japan","Fri Feb 19, 1988 10:05 UTC",H-I UM-129A (9SO) | Sakura 3A,StatusRetired,Success
General Dynamics,"SLC-3W, Vandenberg AFB, California, USA","Wed Feb 03, 1988 05:53 UTC",Atlas-E/F Star-37S-ISS | DMSP 5D-2/F9,StatusRetired,Success
RVSN USSR,"Site 32/1, Plesetsk Cosmodrome, Russia","Sat Jan 30, 1988 10:59 UTC",Tsyklon-3 | Meteor-2 n†­17,StatusRetired,Success
RVSN USSR,"Site 32/1, Plesetsk Cosmodrome, Russia","Fri Jan 15, 1988 03:49 UTC",Tsyklon-3 | Cosmos 1909 to 1914,StatusRetired,Success
RVSN USSR,"Site 133/3, Plesetsk Cosmodrome, Russia","Wed Dec 23, 1987 20:22 UTC",Cosmos-3M (11K65M) | Cosmos 1904,StatusRetired,Success
RVSN USSR,"Site 41/1, Plesetsk Cosmodrome, Russia","Mon Dec 21, 1987 22:35 UTC",Molniya-M /Block 2BL | Cosmos 1903,StatusRetired,Success
RVSN USSR,"Site 86/1, Kapustin Yar, Russia","Sun Dec 20, 1987",Cosmos-3MRB (65MRB) | BOR-4 Shuttle,StatusRetired,Success
RVSN USSR,"Site 133/3, Plesetsk Cosmodrome, Russia","Tue Dec 15, 1987 13:30 UTC",Cosmos-3M (11K65M) | Cosmos 1902,StatusRetired,Success
RVSN USSR,"Site 90/20, Baikonur Cosmodrome, Kazakhstan","Sat Dec 12, 1987 05:40 UTC",Tsyklon-2 | Cosmos 1900,StatusRetired,Success
RVSN USSR,"Site 132/1, Plesetsk Cosmodrome, Russia","Tue Dec 01, 1987 14:15 UTC",Cosmos-3M (11K65M) | Cosmos 1898,StatusRetired,Success
Martin Marietta,"SLC-40, Cape Canaveral AFS, Florida, USA","Sun Nov 29, 1987 03:27 UTC",Titan 34D | DSP-13,StatusRetired,Success
Arianespace,"ELA-2, Guiana Space Centre, French Guiana, France","Sat Nov 21, 1987 02:19 UTC",Ariane 2 | TVSAT-1,StatusRetired,Success
Martin Marietta,"SLC-4E, Vandenberg AFB, California, USA","Mon Oct 26, 1987 21:32 UTC",Titan 34D | USA-27 (KH-11),StatusRetired,Success
RVSN USSR,"Site 32/1, Plesetsk Cosmodrome, Russia","Tue Oct 20, 1987 09:08 UTC",Tsyklon-3 | Cosmos 1892,StatusRetired,Success
RVSN USSR,"Site 133/3, Plesetsk Cosmodrome, Russia","Wed Oct 14, 1987 12:35 UTC",Cosmos-3M (11K65M) | Cosmos 1891,StatusRetired,Success
RVSN USSR,"Site 90/19, Baikonur Cosmodrome, Kazakhstan","Sat Oct 10, 1987 21:48 UTC",Tsyklon-2 | Cosmos 1890,StatusRetired,Success
Arianespace,"ELA-1, Guiana Space Centre, French Guiana, France","Wed Sep 16, 1987 00:45 UTC","Ariane 3 | Aussat-A3, Eutelsat 1-F4",StatusRetired,Success
CASC,"Site 138 (LA-2B), Jiuquan Satellite Launch Center, China","Wed Sep 09, 1987 07:15 UTC",Long March 2C | FSW-1 No.1,StatusActive,Success
RVSN USSR,"Site 32/1, Plesetsk Cosmodrome, Russia","Mon Sep 07, 1987 23:50 UTC",Tsyklon-3 | Cosmos 1875 to 1880,StatusRetired,Success
RVSN USSR,"Site 45/1, Baikonur Cosmodrome, Kazakhstan","Fri Aug 28, 1987 08:20 UTC",Zenit-2 | Cosmos 1873,StatusRetired,Success
RVSN USSR,"Site 86/1, Kapustin Yar, Russia","Thu Aug 27, 1987",Cosmos-3MRB (65MRB) | BOR-5 Shuttle,StatusRetired,Success
MHI,"LA-Y1, Tanegashima Space Center, Japan","Thu Aug 27, 1987 09:20 UTC",H-I UM-129A (9SO) | Kiku 5,StatusRetired,Success
RVSN USSR,"Site 32/1, Plesetsk Cosmodrome, Russia","Tue Aug 18, 1987 02:26 UTC",Tsyklon-3 | Meteor-2 n†­16,StatusRetired,Success
CASC,"Site 138 (LA-2B), Jiuquan Satellite Launch Center, China","Wed Aug 05, 1987 06:39 UTC",Long March 2C | FSW-0 No.9,StatusActive,Success
RVSN USSR,"Site 45/1, Baikonur Cosmodrome, Kazakhstan","Sat Aug 01, 1987 03:59 UTC",Zenit-2 | Cosmos 1871,StatusRetired,Success
RVSN USSR,"Site 32/2, Plesetsk Cosmodrome, Russia","Thu Jul 16, 1987 04:25 UTC",Tsyklon-3 | Cosmos 1869,StatusRetired,Success
RVSN USSR,"Site 132/2, Plesetsk Cosmodrome, Russia","Tue Jul 14, 1987 14:00 UTC",Cosmos-3M (11K65M) | Cosmos 1868,StatusRetired,Success
RVSN USSR,"Site 90/20, Baikonur Cosmodrome, Kazakhstan","Fri Jul 10, 1987 15:35 UTC",Tsyklon-2 | Cosmos 1867,StatusRetired,Success
RVSN USSR,"Site 132/2, Plesetsk Cosmodrome, Russia","Mon Jul 06, 1987 21:59 UTC",Cosmos-3M (11K65M) | Cosmos 1864,StatusRetired,Success
RVSN USSR,"Site 32/2, Plesetsk Cosmodrome, Russia","Wed Jul 01, 1987 19:35 UTC",Tsyklon-3 | Cosmos 1862,StatusRetired,Success
RVSN USSR,"Site 132/1, Plesetsk Cosmodrome, Russia","Tue Jun 23, 1987 07:37 UTC",Cosmos-3M (11K65M) | Cosmos 1861,StatusRetired,Success
General Dynamics,"SLC-3W, Vandenberg AFB, California, USA","Sat Jun 20, 1987 02:34 UTC",Atlas-E/F Star-37S-ISS | DMSP 5D-2/F8,StatusRetired,Success
RVSN USSR,"Site 90/19, Baikonur Cosmodrome, Kazakhstan","Thu Jun 18, 1987 21:33 UTC",Tsyklon-2 | Cosmos 1860,StatusRetired,Success
RVSN USSR,"Site 132/1, Plesetsk Cosmodrome, Russia","Tue Jun 16, 1987 17:51 UTC",Cosmos-3M (11K65M) | Cosmos 1852 to 1859,StatusRetired,Success
RVSN USSR,"Site 43/4, Plesetsk Cosmodrome, Russia","Fri Jun 12, 1987 07:40 UTC",Molniya-M /Block 2BL | Cosmos 1851,StatusRetired,Success
RVSN USSR,"Site 132/1, Plesetsk Cosmodrome, Russia","Tue Jun 09, 1987 14:45 UTC",Cosmos-3M (11K65M) | Cosmos 1850,StatusRetired,Success
RVSN USSR,"Site 16/2, Plesetsk Cosmodrome, Russia","Thu Jun 04, 1987 18:50 UTC",Molniya-M /Block 2BL | Cosmos 1849,StatusRetired,Success
RVSN USSR,"Site 250, Baikonur Cosmodrome, Kazakhstan","Fri May 15, 1987 17:30 UTC",Energiya/Polyus | Polyus Space Station,StatusRetired,Success
General Dynamics,"SLC-3E, Vandenberg AFB, California, USA","Fri May 15, 1987 15:45 UTC",Atlas-H MSD | NOSS-9,StatusRetired,Success
RVSN USSR,"Site 45/1, Baikonur Cosmodrome, Kazakhstan","Wed May 13, 1987 05:40 UTC",Zenit-2 | Cosmos 1844,StatusRetired,Success
RVSN USSR,"Site 32/2, Plesetsk Cosmodrome, Russia","Sun Apr 26, 1987 23:59 UTC",Tsyklon-3 | Cosmos 1842,StatusRetired,Success
RVSN USSR,"Site 90/19, Baikonur Cosmodrome, Kazakhstan","Wed Apr 08, 1987 03:51 UTC",Tsyklon-2 | Cosmos 1834,StatusRetired,Success
General Dynamics,"SLC-36B, Cape Canaveral AFS, Florida, USA","Thu Mar 26, 1987 21:22 UTC",Atlas-G Centaur-D1AR | FLTSATCOM-6,StatusRetired,Failure
ISRO,"SLV LP, Satish Dhawan Space Centre, India","Tue Mar 24, 1987 06:39 UTC",ASLV | SROSS-A,StatusRetired,Failure
RVSN USSR,"Site 45/1, Baikonur Cosmodrome, Kazakhstan","Wed Mar 18, 1987 08:30 UTC",Zenit-2 | Cosmos 1833,StatusRetired,Success
RVSN USSR,"Site 32/2, Plesetsk Cosmodrome, Russia","Fri Mar 13, 1987 13:12 UTC",Tsyklon-3 | Cosmos 1827 to 1832,StatusRetired,Success
RVSN USSR,"Site 32/2, Plesetsk Cosmodrome, Russia","Tue Mar 03, 1987 15:02 UTC",Tsyklon-3 | Cosmos 1825,StatusRetired,Success
RVSN USSR,"Site 32/2, Plesetsk Cosmodrome, Russia","Fri Feb 20, 1987 04:43 UTC",Tsyklon-3 | Cosmos 1823,StatusRetired,Success
MHI,"LA-Y1, Tanegashima Space Center, Japan","Thu Feb 19, 1987 01:23 UTC",N-II | Momo 1a,StatusRetired,Success
RVSN USSR,"Site 132/2, Plesetsk Cosmodrome, Russia","Wed Feb 18, 1987 13:53 UTC",Cosmos-3M (11K65M) | Cosmos 1821,StatusRetired,Success
RVSN USSR,"Site 45/1, Baikonur Cosmodrome, Kazakhstan","Sat Feb 14, 1987 08:30 UTC",Zenit-2 | Cosmos 1820,StatusRetired,Success
Martin Marietta,"SLC-4W, Vandenberg AFB, California, USA","Thu Feb 12, 1987 00:00 UTC",Titan III(34)B Agena-D | Quasar 7,StatusRetired,Success
ISAS,"Mu Pad, Uchinoura Space Center, Japan","Thu Feb 05, 1987 06:30 UTC",Mu-III S2 | Ginga,StatusRetired,Success
RVSN USSR,"Site 90/20, Baikonur Cosmodrome, Kazakhstan","Sun Feb 01, 1987 23:30 UTC",Tsyklon-2 | Cosmos 1818,StatusRetired,Success
RVSN USSR,"Site 132/2, Plesetsk Cosmodrome, Russia","Thu Jan 29, 1987 06:14 UTC",Cosmos-3M (11K65M) | Cosmos 1816,StatusRetired,Partial Failure
RVSN USSR,"Site 41/1, Plesetsk Cosmodrome, Russia","Thu Jan 22, 1987 16:06 UTC",Molniya-M /Block ML | Molniya-3 n†­129,StatusRetired,Success
RVSN USSR,"Site 107/1, Kapustin Yar, Russia","Thu Jan 22, 1987 07:00 UTC",Cosmos-3M (11K65M) | Cosmos 1815,StatusRetired,Success
RVSN USSR,"Site 132/2, Plesetsk Cosmodrome, Russia","Wed Jan 21, 1987 09:10 UTC",Cosmos-3M (11K65M) | Cosmos 1814,StatusRetired,Success
RVSN USSR,"Site 32/2, Plesetsk Cosmodrome, Russia","Wed Jan 14, 1987 09:04 UTC",Tsyklon-3 | Cosmos 1812,StatusRetired,Success
RVSN USSR,"Site 32/2, Plesetsk Cosmodrome, Russia","Mon Jan 05, 1987 01:19 UTC",Tsyklon-3 | Meteor-2 n†­15,StatusRetired,Success
RVSN USSR,"Site 43/3, Plesetsk Cosmodrome, Russia","Fri Dec 26, 1986 15:25 UTC",Molniya-M /Block ML | Molniya-1 n†­128,StatusRetired,Success
RVSN USSR,"Site 86/1, Kapustin Yar, Russia","Thu Dec 25, 1986 23:59 UTC",Cosmos-3MRB (65MRB) | BOR-5 Shuttle,StatusRetired,Success
RVSN USSR,"Site 32/2, Plesetsk Cosmodrome, Russia","Thu Dec 18, 1986",Tsyklon-3 | Cosmos 1809,StatusRetired,Success
RVSN USSR,"Site 132/1, Plesetsk Cosmodrome, Russia","Wed Dec 17, 1986 17:02 UTC",Cosmos-3M (11K65M) | Cosmos 1808,StatusRetired,Success
RVSN USSR,"Site 43/4, Plesetsk Cosmodrome, Russia","Fri Dec 12, 1986 18:35 UTC",Molniya-M /Block 2BL | Cosmos 1806,StatusRetired,Success
RVSN USSR,"Site 32/2, Plesetsk Cosmodrome, Russia","Wed Dec 10, 1986 07:30 UTC",Tsyklon-3 | Cosmos 1805,StatusRetired,Success
General Dynamics,"SLC-36B, Cape Canaveral AFS, Florida, USA","Fri Dec 05, 1986 02:30 UTC",Atlas-G Centaur-D1AR | FLTSATCOM-7,StatusRetired,Success
RVSN USSR,"Site 32/1, Plesetsk Cosmodrome, Russia","Tue Dec 02, 1986 07:00 UTC",Tsyklon-3 | Cosmos 1803,StatusRetired,Success
RVSN USSR,"Site 132/2, Plesetsk Cosmodrome, Russia","Mon Nov 24, 1986 21:43 UTC",Cosmos-3M (11K65M) | Cosmos 1802,StatusRetired,Success
RVSN USSR,"Site 132/2, Plesetsk Cosmodrome, Russia","Fri Nov 21, 1986 02:00 UTC",Cosmos-3M (11K65M) | Cosmos 1794 to 1801,StatusRetired,Success
RVSN USSR,"Site 16/2, Plesetsk Cosmodrome, Russia","Thu Nov 20, 1986 12:09 UTC",Molniya-M /Block 2BL | Cosmos 1793,StatusRetired,Success
RVSN USSR,"Site 41/1, Plesetsk Cosmodrome, Russia","Sat Nov 15, 1986 21:35 UTC",Molniya-M /Block ML | Molniya-1 n†­127,StatusRetired,Success
RVSN USSR,"Site 132/2, Plesetsk Cosmodrome, Russia","Thu Nov 13, 1986 06:10 UTC",Cosmos-3M (11K65M) | Cosmos 1791,StatusRetired,Success
RVSN USSR,"Site 133/3, Plesetsk Cosmodrome, Russia","Mon Oct 27, 1986 12:40 UTC",Cosmos-3M (11K65M) | Cosmos 1788,StatusRetired,Success
RVSN USSR,"Site 45/1, Baikonur Cosmodrome, Kazakhstan","Wed Oct 22, 1986 08:00 UTC",Zenit-2 | Cosmos 1786 & EPN n†­3,StatusRetired,Success
RVSN USSR,"Site 43/4, Plesetsk Cosmodrome, Russia","Mon Oct 20, 1986 08:49 UTC",Molniya-M /Block ML | Molniya-3 n†­126,StatusRetired,Success
RVSN USSR,"Site 41/1, Plesetsk Cosmodrome, Russia","Wed Oct 15, 1986 09:29 UTC",Molniya-M /Block 2BL | Cosmos 1785,StatusRetired,Success
RVSN USSR,"Site 32/2, Plesetsk Cosmodrome, Russia","Wed Oct 15, 1986 05:24 UTC",Tsyklon-3 | Cosmos 1786 to 1791,StatusRetired,Failure
CASC,"Site 138 (LA-2B), Jiuquan Satellite Launch Center, China","Mon Oct 06, 1986 05:40 UTC",Long March 2C | FSW-0 No.8,StatusActive,Success
RVSN USSR,"Site 41/1, Plesetsk Cosmodrome, Russia","Fri Oct 03, 1986 13:05 UTC",Molniya-M /Block 2BL | Cosmos 1783,StatusRetired,Partial Failure
RVSN USSR,"Site 32/1, Plesetsk Cosmodrome, Russia","Tue Sep 30, 1986 18:33 UTC",Tsyklon-3 | Cosmos 1782,StatusRetired,Success
General Dynamics,"SLC-3W, Vandenberg AFB, California, USA","Wed Sep 17, 1986 15:52 UTC",Atlas-E/F Star-37S-ISS | NOAA-G,StatusRetired,Success
RVSN USSR,"Site 133/3, Plesetsk Cosmodrome, Russia","Wed Sep 10, 1986 01:45 UTC",Cosmos-3M (11K65M) | Cosmos 1777,StatusRetired,Success
RVSN USSR,"Site 43/4, Plesetsk Cosmodrome, Russia","Fri Sep 05, 1986 09:12 UTC",Molniya-M /Block ML | Molniya-1 n†­125,StatusRetired,Success
RVSN USSR,"Site 132/1, Plesetsk Cosmodrome, Russia","Wed Sep 03, 1986 09:00 UTC",Cosmos-3M (11K65M) | Cosmos 1776,StatusRetired,Success
RVSN USSR,"Site 16/2, Plesetsk Cosmodrome, Russia","Thu Aug 28, 1986 08:02 UTC",Molniya-M /Block 2BL | Cosmos 1774,StatusRetired,Success
RVSN USSR,"Site 90/20, Baikonur Cosmodrome, Kazakhstan","Wed Aug 20, 1986 12:58 UTC",Tsyklon-2 | Cosmos 1771,StatusRetired,Success
MHI,"LA-Y1, Tanegashima Space Center, Japan","Tue Aug 12, 1986 20:45 UTC","H-I (9 SO) | Fuji 1a, Jindai & Ajisai",StatusRetired,Success
RVSN USSR,"Site 90/20, Baikonur Cosmodrome, Kazakhstan","Mon Aug 04, 1986 05:08 UTC",Tsyklon-2 | Cosmos 1769,StatusRetired,Success
RVSN USSR,"Site 43/4, Plesetsk Cosmodrome, Russia","Wed Jul 30, 1986 15:05 UTC",Molniya-M /Block ML | Molniya-1 n†­124,StatusRetired,Success
RVSN USSR,"Site 45/1, Baikonur Cosmodrome, Kazakhstan","Wed Jul 30, 1986 08:30 UTC",Zenit-2 | Cosmos 1767,StatusRetired,Success
RVSN USSR,"Site 32/2, Plesetsk Cosmodrome, Russia","Mon Jul 28, 1986 21:08 UTC",Tsyklon-3 | Cosmos 1766,StatusRetired,Success
RVSN USSR,"Site 133/3, Plesetsk Cosmodrome, Russia","Wed Jul 16, 1986 04:21 UTC",Cosmos-3M (11K65M) | Cosmos 1763,StatusRetired,Partial Failure
RVSN USSR,"Site 43/4, Plesetsk Cosmodrome, Russia","Sat Jul 05, 1986 01:16 UTC",Molniya-M /Block 2BL | Cosmos 1761,StatusRetired,Success
RVSN USSR,"Site 41/1, Plesetsk Cosmodrome, Russia","Thu Jun 19, 1986 21:09 UTC",Molniya-M /Block ML | Molniya-3 n†­123,StatusRetired,Success
RVSN USSR,"Site 132/1, Plesetsk Cosmodrome, Russia","Wed Jun 18, 1986 20:03 UTC",Cosmos-3M (11K65M) | Cosmos 1759,StatusRetired,Success
RVSN USSR,"Site 32/1, Plesetsk Cosmodrome, Russia","Thu Jun 12, 1986 04:42 UTC",Tsyklon-3 | Cosmos 1758,StatusRetired,Success
RVSN USSR,"Site 132/1, Plesetsk Cosmodrome, Russia","Fri Jun 06, 1986 03:57 UTC",Cosmos-3M (11K65M) | Cosmos 1748 to 1755,StatusRetired,Success
Arianespace,"ELA-1, Guiana Space Centre, French Guiana, France","Sat May 31, 1986 00:53 UTC",Ariane 2 | Intelsat-5A 14,StatusRetired,Failure
RVSN USSR,"Site 32/1, Plesetsk Cosmodrome, Russia","Tue May 27, 1986 09:29 UTC",Tsyklon-3 | Meteor-2 n†­14,StatusRetired,Success
RVSN USSR,"Site 132/1, Plesetsk Cosmodrome, Russia","Fri May 23, 1986 12:54 UTC",Cosmos-3M (11K65M) | Cosmos 1745,StatusRetired,Success
RVSN USSR,"Site 32/1, Plesetsk Cosmodrome, Russia","Thu May 15, 1986 04:26 UTC",Tsyklon-3 | Cosmos 1743,StatusRetired,Success
RVSN USSR,"Site 41/1, Plesetsk Cosmodrome, Russia","Fri Apr 18, 1986 19:50 UTC",Molniya-M /Block ML | Molniya-3 n†­122,StatusRetired,Success
Martin Marietta,"SLC-4E, Vandenberg AFB, California, USA","Fri Apr 18, 1986 18:45 UTC",Titan 34D | KH-9,StatusRetired,Failure
RVSN USSR,"Site 132/1, Plesetsk Cosmodrome, Russia","Thu Apr 17, 1986 21:02 UTC",Cosmos-3M (11K65M) | Cosmos 1741,StatusRetired,Success
Arianespace,"ELA-2, Guiana Space Centre, French Guiana, France","Fri Mar 28, 1986 23:30 UTC","Ariane 3 | GStar-2, Brasilsat-A2",StatusRetired,Success
RVSN USSR,"Site 90/19, Baikonur Cosmodrome, Kazakhstan","Tue Mar 25, 1986 19:26 UTC",Tsyklon-2 | Cosmos 1737,StatusRetired,Success
RVSN USSR,"Site 90/20, Baikonur Cosmodrome, Kazakhstan","Fri Mar 21, 1986 10:05 UTC",Tsyklon-2 | Cosmos 1736,StatusRetired,Success
RVSN USSR,"Site 90/19, Baikonur Cosmodrome, Kazakhstan","Thu Feb 27, 1986 01:44 UTC",Tsyklon-2 | Cosmos 1735,StatusRetired,Success
Arianespace,"ELV-1 (SLV), Guiana Space Centre, French Guiana, France","Sat Feb 22, 1986 01:44 UTC",Ariane 1 | SPOT-1 & Viking,StatusRetired,Success
RVSN USSR,"Site 32/1, Plesetsk Cosmodrome, Russia","Wed Feb 19, 1986 23:04 UTC",Tsyklon-3 | Cosmos 1733,StatusRetired,Success
MHI,"LA-Y1, Tanegashima Space Center, Japan","Wed Feb 12, 1986 07:55 UTC",N-II Star-37E | Yuri 2b,StatusRetired,Success
RVSN USSR,"Site 32/2, Plesetsk Cosmodrome, Russia","Tue Feb 11, 1986 06:56 UTC",Tsyklon-3 | Cosmos 1732,StatusRetired,Success
General Dynamics,"SLC-3E, Vandenberg AFB, California, USA","Sun Feb 09, 1986 10:06 UTC",Atlas-H MSD | NOSS-8,StatusRetired,Success
RVSN USSR,"Site 16/2, Plesetsk Cosmodrome, Russia","Sat Feb 01, 1986 18:11 UTC",Molniya-M /Block 2BL | Cosmos 1729,StatusRetired,Success
CASC,"LC-3, Xichang Satellite Launch Center, China","Sat Feb 01, 1986 12:27 UTC",Long March 3 | DFH-2A-T1,StatusRetired,Success
NASA,"LC-39A, Kennedy Space Center, Florida, USA","Tue Jan 28, 1986 16:38 UTC",Space Shuttle Challenger | STS-51-L,StatusRetired,Failure
RVSN USSR,"Site 132/1, Plesetsk Cosmodrome, Russia","Thu Jan 23, 1986 18:52 UTC",Cosmos-3M (11K65M) | Cosmos 1727,StatusRetired,Success
RVSN USSR,"Site 32/1, Plesetsk Cosmodrome, Russia","Fri Jan 17, 1986 07:21 UTC",Tsyklon-3 | Cosmos 1726,StatusRetired,Success
RVSN USSR,"Site 132/1, Plesetsk Cosmodrome, Russia","Thu Jan 16, 1986 11:38 UTC",Cosmos-3M (11K65M) | Cosmos 1725,StatusRetired,Success
NASA,"LC-39A, Kennedy Space Center, Florida, USA","Sun Jan 12, 1986 11:55 UTC",Space Shuttle Columbia | STS-61-C,StatusRetired,Success
RVSN USSR,"Site 132/2, Plesetsk Cosmodrome, Russia","Thu Jan 09, 1986 02:48 UTC",Cosmos-3M (11K65M) | Cosmos 1716 to 1723,StatusRetired,Success
RVSN USSR,"Site 45/1, Baikonur Cosmodrome, Kazakhstan","Sat Dec 28, 1985 09:16 UTC",Zenit-2 | Cosmos 1714,StatusRetired,Partial Failure
RVSN USSR,"Site 32/1, Plesetsk Cosmodrome, Russia","Thu Dec 26, 1985 01:50 UTC",Tsyklon-3 | Meteor-2 n†­13,StatusRetired,Success
RVSN USSR,"Site 43/4, Plesetsk Cosmodrome, Russia","Tue Dec 24, 1985 18:56 UTC",Molniya-M /Block ML | Molniya-3 n†­121,StatusRetired,Success
RVSN USSR,"Site 132/1, Plesetsk Cosmodrome, Russia","Thu Dec 19, 1985 08:46 UTC",Cosmos-3M (11K65M) | Cosmos 1709,StatusRetired,Success
RVSN USSR,"Site 32/1, Plesetsk Cosmodrome, Russia","Thu Dec 12, 1985 15:51 UTC",Tsyklon-3 | Cosmos 1707,StatusRetired,Success
RVSN USSR,"Site 133/3, Plesetsk Cosmodrome, Russia","Thu Nov 28, 1985 13:12 UTC",Cosmos-3M (11K65M) | Cosmos 1704,StatusRetired,Success
NASA,"LC-39A, Kennedy Space Center, Florida, USA","Wed Nov 27, 1985 00:29 UTC",Space Shuttle Atlantis | STS-61-B,StatusRetired,Success
RVSN USSR,"Site 32/2, Plesetsk Cosmodrome, Russia","Fri Nov 22, 1985 22:20 UTC",Tsyklon-3 | Cosmos 1703,StatusRetired,Success
RVSN USSR,"Site 41/1, Plesetsk Cosmodrome, Russia","Sat Nov 09, 1985 08:25 UTC",Molniya-M /Block 2BL | Cosmos 1701,StatusRetired,Success
NASA,"LC-39A, Kennedy Space Center, Florida, USA","Wed Nov 06, 1985 17:00 UTC",Space Shuttle Challenger | STS-61-A,StatusRetired,Success
RVSN USSR,"Site 43/4, Plesetsk Cosmodrome, Russia","Mon Oct 28, 1985 17:24 UTC",Molniya-M /Block ML | Molniya-1 n†­120,StatusRetired,Success
RVSN USSR,"Site 32/1, Plesetsk Cosmodrome, Russia","Thu Oct 24, 1985 02:30 UTC",Tsyklon-3 | Meteor-3 n†­1,StatusRetired,Success
RVSN USSR,"Site 133/3, Plesetsk Cosmodrome, Russia","Wed Oct 23, 1985 17:24 UTC",Cosmos-3M (11K65M) | Parouss n†­50,StatusRetired,Failure
RVSN USSR,"Site 1/5, Baikonur Cosmodrome, Kazakhstan","Wed Oct 23, 1985 00:42 UTC",Molniya-M /Block ML | Molniya-1 n†­119,StatusRetired,Success
RVSN USSR,"Site 43/4, Plesetsk Cosmodrome, Russia","Tue Oct 22, 1985 20:24 UTC",Molniya-M /Block 2BL | Cosmos 1698,StatusRetired,Success
RVSN USSR,"Site 45/1, Baikonur Cosmodrome, Kazakhstan","Tue Oct 22, 1985 07:00 UTC",Zenit-2 | Cosmos 1697,StatusRetired,Success
CASC,"Site 138 (LA-2B), Jiuquan Satellite Launch Center, China","Mon Oct 21, 1985 05:04 UTC",Long March 2C | FSW-0 No.7,StatusActive,Success
RVSN USSR,"Site 32/1, Plesetsk Cosmodrome, Russia","Wed Oct 09, 1985 21:35 UTC",Tsyklon-3 | Cosmos 1690 to 1695,StatusRetired,Success
General Dynamics,"SLC-3W, Vandenberg AFB, California, USA","Wed Oct 09, 1985 02:53 UTC",Atlas-E/F SGS-2 | GPS-11,StatusRetired,Success
NASA,"LC-39A, Kennedy Space Center, Florida, USA","Thu Oct 03, 1985 15:15 UTC",Space Shuttle Atlantis | STS-51-J,StatusRetired,Success
RVSN USSR,"Site 43/4, Plesetsk Cosmodrome, Russia","Thu Oct 03, 1985 07:33 UTC",Molniya-M /Block ML | Molniya-3 n†­118,StatusRetired,Success
RVSN USSR,"Site 31/6, Baikonur Cosmodrome, Kazakhstan","Thu Oct 03, 1985 05:48 UTC",Vostok-2M | Cosmos 1689,StatusRetired,Success
RVSN USSR,"Site 107/1, Kapustin Yar, Russia","Wed Oct 02, 1985 09:00 UTC",Cosmos-3M (11K65M) | Cosmos 1688,StatusRetired,Success
RVSN USSR,"Site 16/2, Plesetsk Cosmodrome, Russia","Mon Sep 30, 1985 19:23 UTC",Molniya-M /Block 2BL | Cosmos 1687,StatusRetired,Success
General Dynamics,"SLC-36B, Cape Canaveral AFS, Florida, USA","Sat Sep 28, 1985 23:17 UTC",Atlas-G Centaur-D1AR | Intelsat V -512,StatusRetired,Success
RVSN USSR,"Site 43/4, Plesetsk Cosmodrome, Russia","Tue Sep 24, 1985 01:18 UTC",Molniya-M /Block 2BL | Cosmos 1684,StatusRetired,Success
RVSN USSR,"Site 90/20, Baikonur Cosmodrome, Kazakhstan","Thu Sep 19, 1985 01:32 UTC",Tsyklon-2 | Cosmos 1682,StatusRetired,Success
Arianespace,"ELA-1, Guiana Space Centre, French Guiana, France","Thu Sep 12, 1985 23:26 UTC","Ariane 3 | ECS 3, Spacenet 3",StatusRetired,Failure
RVSN USSR,"Site 132/1, Plesetsk Cosmodrome, Russia","Wed Sep 04, 1985 17:05 UTC",Cosmos-3M (11K65M) | Cosmos 1680,StatusRetired,Success
Martin Marietta,"SLC-4E, Vandenberg AFB, California, USA","Wed Aug 28, 1985 21:20 UTC",Titan 34D | KH-11,StatusRetired,Failure
NASA,"LC-39A, Kennedy Space Center, Florida, USA","Tue Aug 27, 1985 10:58 UTC",Space Shuttle Discovery | STS-51-I,StatusRetired,Success
RVSN USSR,"Site 90/19, Baikonur Cosmodrome, Kazakhstan","Fri Aug 23, 1985 22:33 UTC",Tsyklon-2 | Cosmos 1677,StatusRetired,Success
RVSN USSR,"Site 41/1, Plesetsk Cosmodrome, Russia","Thu Aug 22, 1985 19:28 UTC",Molniya-M /Block ML | Molniya-1 n†­117,StatusRetired,Success
ISAS,"Mu Pad, Uchinoura Space Center, Japan","Sun Aug 18, 1985 23:33 UTC",Mu-III S2 | Suisei,StatusRetired,Success
RVSN USSR,"Site 32/1, Plesetsk Cosmodrome, Russia","Thu Aug 08, 1985 11:45 UTC",Tsyklon-3 | Cosmos 1674,StatusRetired,Success
RVSN USSR,"Site 90/19, Baikonur Cosmodrome, Kazakhstan","Thu Aug 01, 1985 05:36 UTC",Tsyklon-2 | Cosmos 1670,StatusRetired,Success
NASA,"LC-39A, Kennedy Space Center, Florida, USA","Thu Jul 25, 1985 21:00 UTC",Space Shuttle Challenger | STS-51-F,StatusRetired,Success
RVSN USSR,"Site 43/4, Plesetsk Cosmodrome, Russia","Wed Jul 17, 1985 01:05 UTC",Molniya-M /Block ML | Molniya-3 n†­116,StatusRetired,Success
RVSN USSR,"Site 32/1, Plesetsk Cosmodrome, Russia","Mon Jul 08, 1985 23:40 UTC",Tsyklon-3 | Cosmos 1666,StatusRetired,Success
Arianespace,"ELV-1 (SLV), Guiana Space Centre, French Guiana, France","Tue Jul 02, 1985 11:23 UTC",Ariane 1 | Giotto,StatusRetired,Success
General Dynamics,"SLC-36A, Cape Canaveral AFS, Florida, USA","Sun Jun 30, 1985 00:44 UTC",Atlas-G Centaur-D1AR | Intelsat V -511,StatusRetired,Success
RVSN USSR,"Site 45/1, Baikonur Cosmodrome, Kazakhstan","Fri Jun 21, 1985 08:29 UTC",Zenit-2 | EPN 03.0694 n†­2,StatusRetired,Failure
RVSN USSR,"Site 132/2, Plesetsk Cosmodrome, Russia","Wed Jun 19, 1985 11:30 UTC",Cosmos-3M (11K65M) | Cosmos 1662,StatusRetired,Success
RVSN USSR,"Site 16/2, Plesetsk Cosmodrome, Russia","Tue Jun 18, 1985 00:40 UTC",Molniya-M /Block 2BL | Cosmos 1661,StatusRetired,Success
NASA,"LC-39A, Kennedy Space Center, Florida, USA","Mon Jun 17, 1985 11:33 UTC",Space Shuttle Discovery | STS-51-G,StatusRetired,Success
RVSN USSR,"Site 32/1, Plesetsk Cosmodrome, Russia","Fri Jun 14, 1985 10:36 UTC",Tsyklon-3 | Cosmos 1660,StatusRetired,Success
RVSN USSR,"Site 16/2, Plesetsk Cosmodrome, Russia","Wed Jun 12, 1985 15:09 UTC",Molniya-M /Block 2BL | Cosmos 1675,StatusRetired,Success
RVSN USSR,"Site 41/1, Plesetsk Cosmodrome, Russia","Tue Jun 11, 1985 14:26 UTC",Molniya-M /Block 2BL | Cosmos 1658,StatusRetired,Success
RVSN USSR,"Site 132/1, Plesetsk Cosmodrome, Russia","Thu May 30, 1985 01:14 UTC",Cosmos-3M (11K65M) | Cosmos 1655,StatusRetired,Success
RVSN USSR,"Site 43/4, Plesetsk Cosmodrome, Russia","Wed May 29, 1985 07:40 UTC",Molniya-M /Block ML | Molniya-3 n†­115,StatusRetired,Success
Arianespace,"ELA-1, Guiana Space Centre, French Guiana, France","Wed May 08, 1985 01:15 UTC","Ariane 3 | GStar-1, Telecom 1B",StatusRetired,Success
NASA,"LC-39A, Kennedy Space Center, Florida, USA","Mon May 06, 1985 16:02 UTC",Space Shuttle Challenger | STS-51-B,StatusRetired,Success
RVSN USSR,"Site 31/6, Baikonur Cosmodrome, Kazakhstan","Fri Apr 26, 1985",Molniya-M /Block SO-L | Prognoz n†­10,StatusRetired,Success
RVSN USSR,"Site 90/20, Baikonur Cosmodrome, Kazakhstan","Thu Apr 18, 1985 21:40 UTC",Tsyklon-2 | Cosmos 1646,StatusRetired,Success
RVSN USSR,"Site 86/1, Kapustin Yar, Russia","Wed Apr 17, 1985",Cosmos-3MRB (65MRB) | BOR-5 Shuttle,StatusRetired,Success
RVSN USSR,"Site 45/1, Baikonur Cosmodrome, Kazakhstan","Sat Apr 13, 1985 08:00 UTC",Zenit-2 | EPN 03.0694 n†­1,StatusRetired,Failure
NASA,"LC-39A, Kennedy Space Center, Florida, USA","Fri Apr 12, 1985 13:59 UTC",Space Shuttle Discovery | STS-51-D,StatusRetired,Success
General Dynamics,"SLC-36B, Cape Canaveral AFS, Florida, USA","Fri Mar 22, 1985 23:55 UTC",Atlas-G Centaur-D1AR | Intelsat V -510,StatusRetired,Success
RVSN USSR,"Site 132/2, Plesetsk Cosmodrome, Russia","Thu Mar 21, 1985 00:08 UTC",Cosmos-3M (11K65M) | Cosmos 1635 to 1642,StatusRetired,Success
RVSN USSR,"Site 132/2, Plesetsk Cosmodrome, Russia","Thu Mar 14, 1985 01:09 UTC",Cosmos-3M (11K65M) | Cosmos 1634,StatusRetired,Success
General Dynamics,"SLC-3W, Vandenberg AFB, California, USA","Wed Mar 13, 1985 02:00 UTC",Atlas-E/F OIS | Geosat,StatusRetired,Success
RVSN USSR,"Site 32/2, Plesetsk Cosmodrome, Russia","Tue Mar 05, 1985 15:39 UTC",Tsyklon-3 | Cosmos 1633,StatusRetired,Success
RVSN USSR,"Site 132/1, Plesetsk Cosmodrome, Russia","Wed Feb 27, 1985 12:56 UTC",Cosmos-3M (11K65M) | Cosmos 1631,StatusRetired,Success
Arianespace,"ELA-1, Guiana Space Centre, French Guiana, France","Fri Feb 08, 1985 23:22 UTC","Ariane 3 | Arabsat-1A, Brasilsat-A1",StatusRetired,Success
Martin Marietta,"SLC-4W, Vandenberg AFB, California, USA","Fri Feb 08, 1985",Titan III(34)B Agena-D | Quasar 6,StatusRetired,Success
ISAS,"Mu Pad, Uchinoura Space Center, Japan","Thu Feb 07, 1985 19:26 UTC",Mu-III S2 | Sakigake,StatusRetired,Success
RVSN USSR,"Site 32/1, Plesetsk Cosmodrome, Russia","Wed Feb 06, 1985 21:45 UTC",Tsyklon-3 | Meteor-2 n†­12,StatusRetired,Success
RVSN USSR,"Site 132/2, Plesetsk Cosmodrome, Russia","Fri Feb 01, 1985 19:36 UTC",Cosmos-3M (11K65M) | Cosmos 1627,StatusRetired,Success
NASA,"LC-39A, Kennedy Space Center, Florida, USA","Thu Jan 24, 1985 19:50 UTC",Space Shuttle Discovery | STS-51-C,StatusRetired,Success
RVSN USSR,"Site 32/2, Plesetsk Cosmodrome, Russia","Thu Jan 24, 1985 16:45 UTC",Tsyklon-3 | Cosmos 1626,StatusRetired,Success
RVSN USSR,"Site 90/19, Baikonur Cosmodrome, Kazakhstan","Wed Jan 23, 1985 19:58 UTC",Tsyklon-2 | Cosmos 1625,StatusRetired,Success
RVSN USSR,"Site 43/4, Plesetsk Cosmodrome, Russia","Wed Jan 16, 1985 06:22 UTC",Molniya-M /Block ML | Molniya-3 n†­114,StatusRetired,Success
RVSN USSR,"Site 132/1, Plesetsk Cosmodrome, Russia","Tue Jan 15, 1985 17:46 UTC",Cosmos-3M (11K65M) | Cosmos 1624,StatusRetired,Success
RVSN USSR,"Site 32/1, Plesetsk Cosmodrome, Russia","Tue Jan 15, 1985 14:51 UTC",Tsyklon-3 | Cosmos 1617 to 1622,StatusRetired,Success
Martin Marietta,"SLC-40, Cape Canaveral AFS, Florida, USA","Sat Dec 22, 1984 00:02 UTC",Titan 34D | DSP-12,StatusRetired,Success
RVSN USSR,"Site 132/2, Plesetsk Cosmodrome, Russia","Thu Dec 20, 1984 13:00 UTC",Cosmos-3M (11K65M) | Cosmos 1615,StatusRetired,Success
RVSN USSR,"Site 86/1, Kapustin Yar, Russia","Wed Dec 19, 1984 03:55 UTC",Cosmos-3MRB (65MRB) | Cosmos 1614 (BOR-4 Space Shuttle),StatusRetired,Success
RVSN USSR,"Site 41/1, Plesetsk Cosmodrome, Russia","Fri Dec 14, 1984 20:40 UTC",Molniya-M /Block ML | Molniya-1 n†­113,StatusRetired,Success
General Dynamics,"SLC-3W, Vandenberg AFB, California, USA","Wed Dec 12, 1984 10:42 UTC",Atlas-E/F Star-37S-ISS | NOAA-F,StatusRetired,Success
Martin Marietta,"SLC-4E, Vandenberg AFB, California, USA","Tue Dec 04, 1984 18:03 UTC",Titan 34D | USA-6 (KH-11),StatusRetired,Success
RVSN USSR,"Site 32/1, Plesetsk Cosmodrome, Russia","Tue Nov 27, 1984 14:22 UTC",Tsyklon-3 | Meteor-3 n†­1a,StatusRetired,Partial Failure
RVSN USSR,"Site 132/1, Plesetsk Cosmodrome, Russia","Thu Nov 15, 1984 06:40 UTC",Cosmos-3M (11K65M) | Cosmos 1610,StatusRetired,Success
Arianespace,"ELA-1, Guiana Space Centre, French Guiana, France","Sat Nov 10, 1984 01:14 UTC","Ariane 3 | Spacenet 2, MARECS-2",StatusRetired,Success
NASA,"LC-39A, Kennedy Space Center, Florida, USA","Thu Nov 08, 1984 12:15 UTC",Space Shuttle Discovery | STS-51-A,StatusRetired,Success
RVSN USSR,"Site 90/20, Baikonur Cosmodrome, Kazakhstan","Wed Oct 31, 1984 12:29 UTC",Tsyklon-2 | Cosmos 1607,StatusRetired,Success
RVSN USSR,"Site 32/1, Plesetsk Cosmodrome, Russia","Thu Oct 18, 1984 17:46 UTC",Tsyklon-3 | Cosmos 1606,StatusRetired,Success
RVSN USSR,"Site 132/2, Plesetsk Cosmodrome, Russia","Thu Oct 11, 1984 14:43 UTC",Cosmos-3M (11K65M) | Cosmos 1605,StatusRetired,Success
NASA,"LC-39A, Kennedy Space Center, Florida, USA","Fri Oct 05, 1984 11:03 UTC",Space Shuttle Challenger | STS-41-G,StatusRetired,Success
RVSN USSR,"Site 16/2, Plesetsk Cosmodrome, Russia","Thu Oct 04, 1984 19:49 UTC",Molniya-M /Block 2BL | Cosmos 1604,StatusRetired,Success
RVSN USSR,"Site 32/2, Plesetsk Cosmodrome, Russia","Fri Sep 28, 1984 06:00 UTC",Tsyklon-3 | Cosmos 1602,StatusRetired,Success
RVSN USSR,"Site 132/2, Plesetsk Cosmodrome, Russia","Thu Sep 27, 1984 09:30 UTC",Cosmos-3M (11K65M) | Cosmos 1601,StatusRetired,Success
RVSN USSR,"Site 132/1, Plesetsk Cosmodrome, Russia","Thu Sep 13, 1984 14:54 UTC",Cosmos-3M (11K65M) | Cosmos 1598,StatusRetired,Success
CASC,"Site 138 (LA-2B), Jiuquan Satellite Launch Center, China","Wed Sep 12, 1984 05:44 UTC",Long March 2C | FSW-0 No.6,StatusActive,Success
General Dynamics,"SLC-3W, Vandenberg AFB, California, USA","Sat Sep 08, 1984 21:41 UTC",Atlas-E/F SGS-2 | GPS-10,StatusRetired,Success
RVSN USSR,"Site 16/2, Plesetsk Cosmodrome, Russia","Fri Sep 07, 1984 19:12 UTC",Molniya-M /Block 2BL | Cosmos 1596,StatusRetired,Success
NASA,"LC-39A, Kennedy Space Center, Florida, USA","Thu Aug 30, 1984 12:41 UTC",Space Shuttle Discovery | STS-41-D,StatusRetired,Success
RVSN USSR,"Site 90/19, Baikonur Cosmodrome, Kazakhstan","Wed Aug 29, 1984 00:21 UTC",Tsyklon-2 | Cosmos 1579,StatusRetired,Success
Martin Marietta,"SLC-4W, Vandenberg AFB, California, USA","Tue Aug 28, 1984 00:00 UTC",Titan III(34)B Agena-D | Quasar 5,StatusRetired,Success
RVSN USSR,"Site 43/4, Plesetsk Cosmodrome, Russia","Fri Aug 24, 1984 08:26 UTC",Molniya-M /Block ML | Molniya-1 n†­112,StatusRetired,Success
RVSN USSR,"Site 41/1, Plesetsk Cosmodrome, Russia","Fri Aug 10, 1984 00:03 UTC",Molniya-M /Block ML | Molniya-1 n†­111,StatusRetired,Success
RVSN USSR,"Site 32/2, Plesetsk Cosmodrome, Russia","Wed Aug 08, 1984 12:08 UTC",Tsyklon-3 | Cosmos 1589,StatusRetired,Success
RVSN USSR,"Site 90/20, Baikonur Cosmodrome, Kazakhstan","Tue Aug 07, 1984 22:50 UTC",Tsyklon-2 | Cosmos 1588,StatusRetired,Success
Arianespace,"ELA-1, Guiana Space Centre, French Guiana, France","Sat Aug 04, 1984 13:32 UTC","Ariane 3 | Eutelsat-1 F2, Telecom 1A",StatusRetired,Success
MHI,"LA-Y1, Tanegashima Space Center, Japan","Thu Aug 02, 1984 20:30 UTC",N-II Star-37E | Himawari 3,StatusRetired,Success
RVSN USSR,"Site 16/2, Plesetsk Cosmodrome, Russia","Thu Aug 02, 1984 08:38 UTC",Molniya-M /Block 2BL | Cosmos 1586,StatusRetired,Success
RVSN USSR,"Site 32/2, Plesetsk Cosmodrome, Russia","Thu Jul 05, 1984 03:34 UTC",Tsyklon-3 | Meteor-2 n†­11,StatusRetired,Success
RVSN USSR,"Site 43/4, Plesetsk Cosmodrome, Russia","Tue Jul 03, 1984 21:30 UTC",Molniya-M /Block 2BL | Cosmos 1581,StatusRetired,Success
RVSN USSR,"Site 107/1, Kapustin Yar, Russia","Thu Jun 28, 1984 13:10 UTC",Cosmos-3M (11K65M) | Cosmos 1578,StatusRetired,Success
RVSN USSR,"Site 132/2, Plesetsk Cosmodrome, Russia","Wed Jun 27, 1984 04:59 UTC",Cosmos-3M (11K65M) | Cosmos 1577,StatusRetired,Success
Martin Marietta,"SLC-4E, Vandenberg AFB, California, USA","Mon Jun 25, 1984 18:47 UTC",Titan 34D | USA-2 (KH-9),StatusRetired,Success
RVSN USSR,"Site 132/2, Plesetsk Cosmodrome, Russia","Thu Jun 21, 1984 19:40 UTC",Cosmos-3M (11K65M) | Cosmos 1574,StatusRetired,Success
General Dynamics,"SLC-3W, Vandenberg AFB, California, USA","Wed Jun 13, 1984 11:37 UTC",Atlas-E/F SGS-2 | GPS-9,StatusRetired,Success
General Dynamics,"SLC-36B, Cape Canaveral AFS, Florida, USA","Sat Jun 09, 1984 23:03 UTC",Atlas-G Centaur-D1AR | Intelsat V -509,StatusRetired,Failure
RVSN USSR,"Site 132/1, Plesetsk Cosmodrome, Russia","Fri Jun 08, 1984 11:28 UTC",Cosmos-3M (11K65M) | Cosmos 1570,StatusRetired,Success
RVSN USSR,"Site 86/1, Kapustin Yar, Russia","Wed Jun 06, 1984",Cosmos-3MRB (65MRB) | BOR-5 Shuttle,StatusRetired,Success
RVSN USSR,"Site 16/2, Plesetsk Cosmodrome, Russia","Wed Jun 06, 1984 15:33 UTC",Molniya-M /Block 2BL | Cosmos 1569,StatusRetired,Success
RVSN USSR,"Site 90/20, Baikonur Cosmodrome, Kazakhstan","Wed May 30, 1984 18:46 UTC",Tsyklon-2 | Cosmos 1567,StatusRetired,Success
RVSN USSR,"Site 132/2, Plesetsk Cosmodrome, Russia","Mon May 28, 1984 21:52 UTC",Cosmos-3M (11K65M) | Cosmos 1559 to 1566,StatusRetired,Success
Arianespace,"ELV-1 (SLV), Guiana Space Centre, French Guiana, France","Wed May 23, 1984 01:33 UTC",Ariane 1 | Spacenet F1,StatusRetired,Success
RVSN USSR,"Site 132/1, Plesetsk Cosmodrome, Russia","Thu May 17, 1984 14:43 UTC",Cosmos-3M (11K65M) | Cosmos 1553,StatusRetired,Success
RVSN USSR,"Site 132/2, Plesetsk Cosmodrome, Russia","Fri May 11, 1984 06:19 UTC",Cosmos-3M (11K65M) | Cosmos 1550,StatusRetired,Success
RVSN USSR,"Site 86/1, Kapustin Yar, Russia","Fri May 04, 1984",Cosmos-3MRB (65MRB) | BOR-4 Shuttle,StatusRetired,Success
US Air Force,"SLC-4W, Vandenberg AFB, California, USA","Tue Apr 17, 1984 17:45 UTC",Titan III(24)B | OPS 8424,StatusRetired,Success
Martin Marietta,"SLC-40, Cape Canaveral AFS, Florida, USA","Sat Apr 14, 1984 16:52 UTC",Titan 34D | DSP-11,StatusRetired,Success
CASC,"LC-3, Xichang Satellite Launch Center, China","Sun Apr 08, 1984 11:20 UTC",Long March 3 | STTW 2 (Dong Fang Hong 2),StatusRetired,Success
NASA,"LC-39A, Kennedy Space Center, Florida, USA","Fri Apr 06, 1984 13:58 UTC",Space Shuttle Challenger | STS-41-C,StatusRetired,Success
RVSN USSR,"Site 16/2, Plesetsk Cosmodrome, Russia","Wed Apr 04, 1984 01:40 UTC",Molniya-M /Block 2BL | Cosmos 1547,StatusRetired,Success
RVSN USSR,"Site 41/1, Plesetsk Cosmodrome, Russia","Fri Mar 16, 1984 23:29 UTC",Molniya-M /Block ML | Molniya-1 n†­110,StatusRetired,Success
RVSN USSR,"Site 32/2, Plesetsk Cosmodrome, Russia","Thu Mar 15, 1984 17:05 UTC",Tsyklon-3 | Cosmos 1544,StatusRetired,Success
RVSN USSR,"Site 16/2, Plesetsk Cosmodrome, Russia","Tue Mar 06, 1984 17:10 UTC",Molniya-M /Block 2BL | Cosmos 1541,StatusRetired,Success
ESA,"ELV-1 (SLV), Guiana Space Centre, French Guiana, France","Mon Mar 05, 1984 00:50 UTC",Ariane 1 | Intelsat 508,StatusRetired,Success
RVSN USSR,"Site 132/1, Plesetsk Cosmodrome, Russia","Tue Feb 21, 1984 15:36 UTC",Cosmos-3M (11K65M) | Cosmos 1538,StatusRetired,Success
ISAS,"Mu Pad, Uchinoura Space Center, Japan","Tue Feb 14, 1984 08:00 UTC",Mu-III S | Ohzora,StatusRetired,Success
RVSN USSR,"Site 32/2, Plesetsk Cosmodrome, Russia","Wed Feb 08, 1984 09:23 UTC",Tsyklon-3 | Cosmos 1536,StatusRetired,Success
General Dynamics,"SLC-3E, Vandenberg AFB, California, USA","Sun Feb 05, 1984 18:44 UTC",Atlas-H MSD | NOSS-7,StatusRetired,Success
NASA,"LC-39A, Kennedy Space Center, Florida, USA","Fri Feb 03, 1984 13:00 UTC",Space Shuttle Challenger | STS-41-B,StatusRetired,Success
RVSN USSR,"Site 132/1, Plesetsk Cosmodrome, Russia","Thu Feb 02, 1984 17:38 UTC",Cosmos-3M (11K65M) | Cosmos 1535,StatusRetired,Success
Martin Marietta,"SLC-40, Cape Canaveral AFS, Florida, USA","Tue Jan 31, 1984 03:08 UTC",Titan 34D | OPS-0441 (Vortex),StatusRetired,Success
CASC,"LC-3, Xichang Satellite Launch Center, China","Sun Jan 29, 1984 12:25 UTC",Long March 3 | STTW 1 (Dong Fang Hong 2),StatusRetired,Partial Failure
RVSN USSR,"Site 132/2, Plesetsk Cosmodrome, Russia","Thu Jan 26, 1984 12:00 UTC",Cosmos-3M (11K65M) | Cosmos 1534,StatusRetired,Success
MHI,"LA-Y1, Tanegashima Space Center, Japan","Mon Jan 23, 1984 07:58 UTC",N-II Star-37E | Yuri 2a,StatusRetired,Success
RVSN USSR,"Site 132/2, Plesetsk Cosmodrome, Russia","Wed Jan 11, 1984 18:08 UTC",Cosmos-3M (11K65M) | Cosmos 1531,StatusRetired,Success
RVSN USSR,"Site 132/2, Plesetsk Cosmodrome, Russia","Thu Jan 05, 1984 20:09 UTC",Cosmos-3M (11K65M) | Cosmos 1522 to 1529,StatusRetired,Success
RVSN USSR,"Site 16/2, Plesetsk Cosmodrome, Russia","Wed Dec 28, 1983 03:48 UTC",Molniya-M /Block 2BL | Cosmos 1518,StatusRetired,Success
RVSN USSR,"Site 86/1, Kapustin Yar, Russia","Tue Dec 27, 1983 10:00 UTC",Cosmos-3MRB (65MRB) | Cosmos 1517 (BOR-4 Space Shuttle),StatusRetired,Success
RVSN USSR,"Site 41/1, Plesetsk Cosmodrome, Russia","Wed Dec 21, 1983 06:07 UTC",Molniya-M /Block ML | Molniya-3 n†­109,StatusRetired,Success
RVSN USSR,"Site 32/2, Plesetsk Cosmodrome, Russia","Thu Dec 15, 1983 12:25 UTC",Tsyklon-3 | Cosmos 1515,StatusRetired,Success
RVSN USSR,"Site 132/2, Plesetsk Cosmodrome, Russia","Thu Dec 08, 1983 06:13 UTC",Cosmos-3M (11K65M) | Cosmos 1513,StatusRetired,Success
NASA,"LC-39A, Kennedy Space Center, Florida, USA","Mon Nov 28, 1983 16:00 UTC",Space Shuttle Columbia | STS-9,StatusRetired,Success
RVSN USSR,"Site 32/2, Plesetsk Cosmodrome, Russia","Thu Nov 24, 1983 12:33 UTC",Tsyklon-3 | Cosmos 1510,StatusRetired,Success
RVSN USSR,"Site 41/1, Plesetsk Cosmodrome, Russia","Wed Nov 23, 1983 16:45 UTC",Molniya-M /Block ML | Molniya-1 n†­108,StatusRetired,Success
General Dynamics,"SLC-3W, Vandenberg AFB, California, USA","Fri Nov 18, 1983 06:32 UTC",Atlas-E/F Star-37S-ISS | DMSP 5D-2/F7,StatusRetired,Success
RVSN USSR,"Site 132/2, Plesetsk Cosmodrome, Russia","Fri Nov 11, 1983 12:30 UTC",Cosmos-3M (11K65M) | Cosmos 1508,StatusRetired,Success
RVSN USSR,"Site 90/20, Baikonur Cosmodrome, Kazakhstan","Sat Oct 29, 1983 08:30 UTC",Tsyklon-2 | Cosmos 1507,StatusRetired,Success
RVSN USSR,"Site 16/2, Plesetsk Cosmodrome, Russia","Fri Oct 28, 1983 09:00 UTC",Vostok-2M | Meteor-2 n†­11,StatusRetired,Success
RVSN USSR,"Site 132/1, Plesetsk Cosmodrome, Russia","Wed Oct 26, 1983 17:20 UTC",Cosmos-3M (11K65M) | Cosmos 1506,StatusRetired,Success
ESA,"ELV-1 (SLV), Guiana Space Centre, French Guiana, France","Wed Oct 19, 1983 00:45 UTC",Ariane 1 | Intelsat 507,StatusRetired,Success
RVSN USSR,"Site 132/1, Plesetsk Cosmodrome, Russia","Wed Oct 12, 1983 00:20 UTC",Cosmos-3M (11K65M) | Cosmos 1503,StatusRetired,Success
RVSN USSR,"Site 132/1, Plesetsk Cosmodrome, Russia","Wed Oct 05, 1983 12:00 UTC",Cosmos-3M (11K65M) | Cosmos 1502,StatusRetired,Success
RVSN USSR,"Site 132/1, Plesetsk Cosmodrome, Russia","Fri Sep 30, 1983 11:00 UTC",Cosmos-3M (11K65M) | Cosmos 1501,StatusRetired,Success
RVSN USSR,"Site 32/1, Plesetsk Cosmodrome, Russia","Wed Sep 28, 1983 07:59 UTC",Tsyklon-3 | Cosmos 1500,StatusRetired,Success
NASA,"LC-39A, Kennedy Space Center, Florida, USA","Mon Sep 05, 1983 07:40 UTC",Space Shuttle Challenger | STS-8,StatusRetired,Success
RVSN USSR,"Site 107/1, Kapustin Yar, Russia","Wed Aug 31, 1983 06:30 UTC",Cosmos-3M (11K65M) | Cosmos 1494,StatusRetired,Success
RVSN USSR,"Site 41/1, Plesetsk Cosmodrome, Russia","Tue Aug 30, 1983 22:49 UTC",Molniya-M /Block ML | Molniya-3 n†­107,StatusRetired,Success
CASC,"Site 138 (LA-2B), Jiuquan Satellite Launch Center, China","Fri Aug 19, 1983 06:00 UTC",Long March 2C | FSW-0 No.5,StatusActive,Success
MHI,"LA-Y1, Tanegashima Space Center, Japan","Fri Aug 05, 1983 20:29 UTC",N-II Star-37E | Sakura 2b,StatusRetired,Success
RVSN USSR,"Site 132/2, Plesetsk Cosmodrome, Russia","Wed Aug 03, 1983 12:40 UTC",Cosmos-3M (11K65M) | Cosmos 1486,StatusRetired,Success
Martin Marietta,"SLC-4W, Vandenberg AFB, California, USA","Sun Jul 31, 1983 15:41 UTC",Titan III(34)B Agena-D | Jumpseat 7,StatusRetired,Success
RVSN USSR,"Site 31/6, Baikonur Cosmodrome, Kazakhstan","Sun Jul 24, 1983 05:50 UTC",Vostok-2M | Cosmos 1484,StatusRetired,Success
RVSN USSR,"Site 1/5, Baikonur Cosmodrome, Kazakhstan","Tue Jul 19, 1983 15:14 UTC",Molniya-M /Block ML | Molniya-1 n†­106,StatusRetired,Success
General Dynamics,"SLC-3W, Vandenberg AFB, California, USA","Thu Jul 14, 1983 10:21 UTC",Atlas-E/F SGS-2 | GPS-8,StatusRetired,Success
RVSN USSR,"Site 43/4, Plesetsk Cosmodrome, Russia","Fri Jul 08, 1983 19:21 UTC",Molniya-M /Block 2BL | Cosmos 1481,StatusRetired,Success
RVSN USSR,"Site 132/2, Plesetsk Cosmodrome, Russia","Wed Jul 06, 1983 00:31 UTC",Cosmos-3M (11K65M) | Cosmos 1473 to 1480,StatusRetired,Success
RVSN USSR,"Site 31/6, Baikonur Cosmodrome, Kazakhstan","Fri Jul 01, 1983",Molniya-M /Block SO-L | Prognoz n†­9,StatusRetired,Success
RVSN USSR,"Site 32/2, Plesetsk Cosmodrome, Russia","Wed Jun 22, 1983 23:58 UTC",Tsyklon-3 | Cosmos 1470,StatusRetired,Success
Martin Marietta,"SLC-4E, Vandenberg AFB, California, USA","Mon Jun 20, 1983 18:45 UTC",Titan 34D | OPS-0721 (KH-9),StatusRetired,Success
NASA,"LC-39A, Kennedy Space Center, Florida, USA","Sat Jun 18, 1983 11:33 UTC",Space Shuttle Challenger | STS-7,StatusRetired,Success
ESA,"ELV-1 (SLV), Guiana Space Centre, French Guiana, France","Thu Jun 16, 1983 11:59 UTC",Ariane 1 | ECS 1 & Oscar-10,StatusRetired,Success
General Dynamics,"SLC-3E, Vandenberg AFB, California, USA","Thu Jun 09, 1983 23:23 UTC",Atlas-H MSD | NOSS-6,StatusRetired,Success
RVSN USSR,"Site 107/1, Kapustin Yar, Russia","Thu May 26, 1983 05:00 UTC",Cosmos-3M (11K65M) | Cosmos 1465,StatusRetired,Success
RVSN USSR,"Site 132/1, Plesetsk Cosmodrome, Russia","Tue May 24, 1983 02:59 UTC",Cosmos-3M (11K65M) | Cosmos 1464,StatusRetired,Success
General Dynamics,"SLC-36A, Cape Canaveral AFS, Florida, USA","Thu May 19, 1983 22:26 UTC",Atlas-SLV3D Centaur-D1AR | Intelsat V -506,StatusRetired,Success
RVSN USSR,"Site 132/1, Plesetsk Cosmodrome, Russia","Thu May 19, 1983 12:00 UTC",Cosmos-3M (11K65M) | Cosmos 1463,StatusRetired,Success
RVSN USSR,"Site 90/19, Baikonur Cosmodrome, Kazakhstan","Sat May 07, 1983 10:30 UTC",Tsyklon-2 | Cosmos 1461,StatusRetired,Success
RVSN USSR,"Site 132/1, Plesetsk Cosmodrome, Russia","Fri May 06, 1983 03:00 UTC",Cosmos-3M (11K65M) | Cosmos 1459,StatusRetired,Success
RVSN USSR,"Site 86/1, Kapustin Yar, Russia","Wed May 04, 1983",Cosmos-3MRB (65MRB) | BOR-5 Shuttle,StatusRetired,Success
RVSN USSR,"Site 16/2, Plesetsk Cosmodrome, Russia","Mon Apr 25, 1983 19:33 UTC",Molniya-M /Block 2BL | Cosmos 1456,StatusRetired,Success
RVSN USSR,"Site 32/2, Plesetsk Cosmodrome, Russia","Sat Apr 23, 1983 14:30 UTC",Tsyklon-3 | Cosmos 1455,StatusRetired,Success
RVSN USSR,"Site 132/2, Plesetsk Cosmodrome, Russia","Tue Apr 19, 1983 12:00 UTC",Cosmos-3M (11K65M) | Cosmos 1453,StatusRetired,Success
US Air Force,"SLC-4W, Vandenberg AFB, California, USA","Sun Apr 17, 1983 18:45 UTC",Titan III(24)B | OPS 2925,StatusRetired,Success
ISRO,"SLV LP, Satish Dhawan Space Centre, India","Sun Apr 17, 1983 05:44 UTC",SLV-3 | Rohini RS-D2,StatusRetired,Success
RVSN USSR,"Site 132/2, Plesetsk Cosmodrome, Russia","Tue Apr 12, 1983 18:20 UTC",Cosmos-3M (11K65M) | Cosmos 1452,StatusRetired,Success
RVSN USSR,"Site 132/1, Plesetsk Cosmodrome, Russia","Wed Apr 06, 1983 12:00 UTC",Cosmos-3M (11K65M) | Cosmos 1450,StatusRetired,Success
NASA,"LC-39A, Kennedy Space Center, Florida, USA","Mon Apr 04, 1983 18:30 UTC",Space Shuttle Challenger | STS-6,StatusRetired,Success
RVSN USSR,"Site 1/5, Baikonur Cosmodrome, Kazakhstan","Sat Apr 02, 1983 02:02 UTC",Molniya-M /Block ML | Molniya-1 n†­105,StatusRetired,Success
RVSN USSR,"Site 132/1, Plesetsk Cosmodrome, Russia","Wed Mar 30, 1983 01:10 UTC",Cosmos-3M (11K65M) | Cosmos 1448,StatusRetired,Success
General Dynamics,"SLC-3W, Vandenberg AFB, California, USA","Mon Mar 28, 1983 15:52 UTC",Atlas-E/F Star-37S-ISS | NOAA-E,StatusRetired,Success
RVSN USSR,"Site 132/2, Plesetsk Cosmodrome, Russia","Thu Mar 24, 1983 20:55 UTC",Cosmos-3M (11K65M) | Cosmos 1447,StatusRetired,Success
RVSN USSR,"Site 41/1, Plesetsk Cosmodrome, Russia","Wed Mar 16, 1983 18:14 UTC",Molniya-M /Block ML | Molniya-1 n†­104,StatusRetired,Success
RVSN USSR,"Site 86/1, Kapustin Yar, Russia","Tue Mar 15, 1983 22:30 UTC",Cosmos-3MRB (65MRB) | Cosmos 1445 (BOR-4 Space Shuttle),StatusRetired,Success
RVSN USSR,"Site 41/1, Plesetsk Cosmodrome, Russia","Fri Mar 11, 1983 15:29 UTC",Molniya-M /Block ML | Molniya-3 n†­103,StatusRetired,Success
ISAS,"Mu Pad, Uchinoura Space Center, Japan","Sun Feb 20, 1983 05:10 UTC",Mu-III S | Tenma,StatusRetired,Success
RVSN USSR,"Site 16/2, Plesetsk Cosmodrome, Russia","Wed Feb 16, 1983 10:03 UTC",Vostok-2M | Cosmos 1441,StatusRetired,Success
General Dynamics,"SLC-3E, Vandenberg AFB, California, USA","Wed Feb 09, 1983 13:47 UTC",Atlas-H MSD | NOSS-5,StatusRetired,Success
MHI,"LA-Y1, Tanegashima Space Center, Japan","Fri Feb 04, 1983 08:37 UTC",N-II Star-37E | Sakura 2a,StatusRetired,Success
RVSN USSR,"Site 132/2, Plesetsk Cosmodrome, Russia","Tue Jan 25, 1983 12:00 UTC",Cosmos-3M (11K65M) | Ta??foun n†­32,StatusRetired,Failure
RVSN USSR,"Site 16/2, Plesetsk Cosmodrome, Russia","Thu Jan 20, 1983 17:26 UTC",Vostok-2M | Cosmos 1437,StatusRetired,Success
RVSN USSR,"Site 132/2, Plesetsk Cosmodrome, Russia","Wed Jan 19, 1983 02:25 UTC",Cosmos-3M (11K65M) | Cosmos 1429 to 1436,StatusRetired,Success
RVSN USSR,"Site 132/2, Plesetsk Cosmodrome, Russia","Wed Jan 12, 1983 14:02 UTC",Cosmos-3M (11K65M) | Cosmos 1428,StatusRetired,Success
RVSN USSR,"Site 132/1, Plesetsk Cosmodrome, Russia","Wed Dec 29, 1982 12:00 UTC",Cosmos-3M (11K65M) | Cosmos 1427,StatusRetired,Success
General Dynamics,"SLC-3W, Vandenberg AFB, California, USA","Tue Dec 21, 1982 02:38 UTC",Atlas-E/F Star-37S-ISS | DMSP 5D-2/F6,StatusRetired,Success
RVSN USSR,"Site 43/3, Plesetsk Cosmodrome, Russia","Tue Dec 14, 1982 22:30 UTC",Vostok-2M | Meteor-2 n†­10,StatusRetired,Success
RVSN USSR,"Site 1/5, Baikonur Cosmodrome, Kazakhstan","Wed Dec 08, 1982 13:46 UTC",Molniya-M /Block ML | Cosmos 1423,StatusRetired,Partial Failure
RVSN USSR,"Site 132/1, Plesetsk Cosmodrome, Russia","Wed Nov 24, 1982 11:00 UTC",Cosmos-3M (11K65M) | Strela-1M satellites,StatusRetired,Failure
Martin Marietta,"SLC-4E, Vandenberg AFB, California, USA","Wed Nov 17, 1982 21:22 UTC",Titan IIID | KH-11,StatusRetired,Success
NASA,"LC-39A, Kennedy Space Center, Florida, USA","Thu Nov 11, 1982 12:19 UTC",Space Shuttle Columbia | STS-5,StatusRetired,Success
RVSN USSR,"Site 132/1, Plesetsk Cosmodrome, Russia","Thu Nov 11, 1982 06:14 UTC",Cosmos-3M (11K65M) | Cosmos 1420,StatusRetired,Success
Martin Marietta,"SLC-40, Cape Canaveral AFS, Florida, USA","Sat Oct 30, 1982",Titan 34D | DSCS-II-15 + DSCS-III-A1,StatusRetired,Success
RVSN USSR,"Site 107/1, Kapustin Yar, Russia","Thu Oct 21, 1982 14:00 UTC",Cosmos-3M (11K65M) | Cosmos 1418,StatusRetired,Success
RVSN USSR,"Site 132/1, Plesetsk Cosmodrome, Russia","Tue Oct 19, 1982 05:58 UTC",Cosmos-3M (11K65M) | Cosmos 1417,StatusRetired,Success
General Dynamics,"SLC-36B, Cape Canaveral AFS, Florida, USA","Tue Sep 28, 1982 23:17 UTC",Atlas-SLV3D Centaur-D1AR | Intelsat V -505,StatusRetired,Success
RVSN USSR,"Site 32/1, Plesetsk Cosmodrome, Russia","Fri Sep 24, 1982 09:15 UTC",Tsyklon-3 | Cosmos 1410,StatusRetired,Success
RVSN USSR,"Site 16/2, Plesetsk Cosmodrome, Russia","Wed Sep 22, 1982 06:23 UTC",Molniya-M /Block 2BL | Cosmos 1409,StatusRetired,Success
RVSN USSR,"Site 32/2, Plesetsk Cosmodrome, Russia","Thu Sep 16, 1982 04:55 UTC",Tsyklon-3 | Cosmos 1408,StatusRetired,Success
CASC,"Site 138 (LA-2B), Jiuquan Satellite Launch Center, China","Thu Sep 09, 1982 07:19 UTC",Long March 2C | FSW-0 No.4,StatusActive,Success
ESA,"ELV-1 (SLV), Guiana Space Centre, French Guiana, France","Thu Sep 09, 1982 02:12 UTC",Ariane 1 | MARCES-B & Sirio-2,StatusRetired,Failure
RVSN USSR,"Site 90/20, Baikonur Cosmodrome, Kazakhstan","Sat Sep 04, 1982 17:50 UTC",Tsyklon-2 | Cosmos 1405,StatusRetired,Success
MHI,"LA-Y1, Tanegashima Space Center, Japan","Fri Sep 03, 1982 05:00 UTC",N-I | Kiku 4,StatusRetired,Success
RVSN USSR,"Site 132/2, Plesetsk Cosmodrome, Russia","Mon Aug 30, 1982 19:55 UTC",Cosmos-3M (11K65M) | Strela-2M satellite,StatusRetired,Success
RVSN USSR,"Site 90/19, Baikonur Cosmodrome, Kazakhstan","Mon Aug 30, 1982 10:06 UTC",Tsyklon-2 | Cosmos 1402,StatusRetired,Success
RVSN USSR,"Site 41/1, Plesetsk Cosmodrome, Russia","Fri Aug 27, 1982 00:02 UTC",Molniya-M /Block ML | Molniya-3 n†­101,StatusRetired,Success
RVSN USSR,"Site 16/2, Plesetsk Cosmodrome, Russia","Thu Aug 05, 1982 06:56 UTC",Vostok-2M | Cosmos 1400,StatusRetired,Success
RVSN USSR,"Site 90/20, Baikonur Cosmodrome, Kazakhstan","Mon Aug 02, 1982 00:01 UTC",Tsyklon-2 | Cosmos 1412,StatusRetired,Success
RVSN USSR,"Site 107/1, Kapustin Yar, Russia","Thu Jul 29, 1982 19:40 UTC",Cosmos-3M (11K65M) | Cosmos 1397,StatusRetired,Success
RVSN USSR,"Site 1/5, Baikonur Cosmodrome, Kazakhstan","Wed Jul 21, 1982 09:40 UTC",Molniya-M /Block ML | Molniya-1 n†­100,StatusRetired,Success
RVSN USSR,"Site 132/2, Plesetsk Cosmodrome, Russia","Wed Jul 21, 1982 06:31 UTC",Cosmos-3M (11K65M) | Cosmos 1388 to 1395,StatusRetired,Success
RVSN USSR,"Site 132/1, Plesetsk Cosmodrome, Russia","Wed Jul 07, 1982 09:47 UTC",Cosmos-3M (11K65M) | Cosmos 1386,StatusRetired,Success
RVSN USSR,"Site 132/1, Plesetsk Cosmodrome, Russia","Tue Jun 29, 1982 21:45 UTC",Cosmos-3M (11K65M) | Cosmos 1383,StatusRetired,Success
NASA,"LC-39A, Kennedy Space Center, Florida, USA","Sun Jun 27, 1982 16:09 UTC",Space Shuttle Columbia | STS-4,StatusRetired,Success
RVSN USSR,"Site 41/1, Plesetsk Cosmodrome, Russia","Fri Jun 25, 1982 02:28 UTC",Molniya-M /Block 2BL | Cosmos 1382,StatusRetired,Success
RVSN USSR,"Site 132/2, Plesetsk Cosmodrome, Russia","Fri Jun 18, 1982 11:58 UTC",Cosmos-3M (11K65M) | Cosmos 1380,StatusRetired,Partial Failure
RVSN USSR,"Site 90/19, Baikonur Cosmodrome, Kazakhstan","Fri Jun 18, 1982 11:04 UTC",Tsyklon-2 | Cosmos 1379,StatusRetired,Success
RVSN USSR,"Site 32/1, Plesetsk Cosmodrome, Russia","Thu Jun 10, 1982 17:37 UTC",Tsyklon-3 | Cosmos 1378,StatusRetired,Success
RVSN USSR,"Site 132/2, Plesetsk Cosmodrome, Russia","Sun Jun 06, 1982 17:10 UTC",Cosmos-3M (11K65M) | Cosmos 1375,StatusRetired,Success
RVSN USSR,"Site 86/1, Kapustin Yar, Russia","Thu Jun 03, 1982 21:30 UTC",Cosmos-3MRB (65MRB) | Cosmos 1374 (BOR-4 Space Shuttle),StatusRetired,Success
RVSN USSR,"Site 90/20, Baikonur Cosmodrome, Kazakhstan","Tue Jun 01, 1982 13:58 UTC",Tsyklon-2 | Cosmos 1372,StatusRetired,Success
RVSN USSR,"Site 132/1, Plesetsk Cosmodrome, Russia","Tue Jun 01, 1982 04:37 UTC",Cosmos-3M (11K65M) | Cosmos 1371,StatusRetired,Success
RVSN USSR,"Site 43/3, Plesetsk Cosmodrome, Russia","Fri May 28, 1982 22:02 UTC",Molniya-M /Block ML | Molniya-1 n†­99,StatusRetired,Success
RVSN USSR,"Site 41/1, Plesetsk Cosmodrome, Russia","Thu May 20, 1982 13:08 UTC",Molniya-M /Block 2BL | Cosmos 1367,StatusRetired,Success
RVSN USSR,"Site 90/20, Baikonur Cosmodrome, Kazakhstan","Fri May 14, 1982 19:39 UTC",Tsyklon-2 | Cosmos 1365,StatusRetired,Success
Martin Marietta,"SLC-4E, Vandenberg AFB, California, USA","Tue May 11, 1982 18:45 UTC",Titan IIID | KH-9 & SSF-D-4,StatusRetired,Success
RVSN USSR,"Site 132/2, Plesetsk Cosmodrome, Russia","Thu May 06, 1982 18:07 UTC",Cosmos-3M (11K65M) | Cosmos 1357 to 1364,StatusRetired,Success
RVSN USSR,"Site 16/2, Plesetsk Cosmodrome, Russia","Wed May 05, 1982 08:01 UTC",Vostok-2M | Cosmos 1356,StatusRetired,Success
RVSN USSR,"Site 90/20, Baikonur Cosmodrome, Kazakhstan","Thu Apr 29, 1982 09:55 UTC",Tsyklon-2 | Cosmos 1355,StatusRetired,Success
RVSN USSR,"Site 132/1, Plesetsk Cosmodrome, Russia","Wed Apr 28, 1982 02:52 UTC",Cosmos-3M (11K65M) | Cosmos 1354,StatusRetired,Success
RVSN USSR,"Site 107/1, Kapustin Yar, Russia","Wed Apr 21, 1982 01:40 UTC",Cosmos-3M (11K65M) | Cosmos 1351,StatusRetired,Success
RVSN USSR,"Site 132/2, Plesetsk Cosmodrome, Russia","Thu Apr 08, 1982 00:15 UTC",Cosmos-3M (11K65M) | Cosmos 1349,StatusRetired,Success
RVSN USSR,"Site 16/2, Plesetsk Cosmodrome, Russia","Wed Apr 07, 1982 13:41 UTC",Molniya-M /Block 2BL | Cosmos 1348,StatusRetired,Success
RVSN USSR,"Site 16/2, Plesetsk Cosmodrome, Russia","Wed Mar 31, 1982 16:27 UTC",Vostok-2M | Cosmos 1346,StatusRetired,Success
RVSN USSR,"Site 132/2, Plesetsk Cosmodrome, Russia","Wed Mar 31, 1982 09:00 UTC",Cosmos-3M (11K65M) | Cosmos 1345,StatusRetired,Success
RVSN USSR,"Site 32/1, Plesetsk Cosmodrome, Russia","Thu Mar 25, 1982 09:50 UTC",Tsyklon-3 | Meteor-2 n†­8,StatusRetired,Success
RVSN USSR,"Site 132/1, Plesetsk Cosmodrome, Russia","Wed Mar 24, 1982 09:47 UTC",Cosmos-3M (11K65M) | Cosmos 1344,StatusRetired,Success
RVSN USSR,"Site 41/1, Plesetsk Cosmodrome, Russia","Wed Mar 24, 1982 00:12 UTC",Molniya-M /Block ML | Molniya-3 n†­98,StatusRetired,Success
NASA,"LC-39A, Kennedy Space Center, Florida, USA","Mon Mar 22, 1982 16:00 UTC",Space Shuttle Columbia | STS-3,StatusRetired,Success
Martin Marietta,"SLC-40, Cape Canaveral AFS, Florida, USA","Sat Mar 06, 1982 19:25 UTC",Titan III(23)C | DSP-10,StatusRetired,Success
General Dynamics,"SLC-36A, Cape Canaveral AFS, Florida, USA","Fri Mar 05, 1982 00:23 UTC",Atlas-SLV3D Centaur-D1AR | Intelsat V -504,StatusRetired,Success
RVSN USSR,"Site 107/1, Kapustin Yar, Russia","Thu Mar 04, 1982 16:41 UTC",Cosmos-3M (11K65M) | Ta??foun n†­27,StatusRetired,Failure
RVSN USSR,"Site 16/2, Plesetsk Cosmodrome, Russia","Wed Mar 03, 1982 05:44 UTC",Molniya-M /Block 2BL | Cosmos 1341,StatusRetired,Success
RVSN USSR,"Site 41/1, Plesetsk Cosmodrome, Russia","Fri Feb 26, 1982 20:10 UTC",Molniya-M /Block ML | Molniya-1 n†­97,StatusRetired,Success
RVSN USSR,"Site 16/2, Plesetsk Cosmodrome, Russia","Fri Feb 19, 1982 01:42 UTC",Vostok-2M | Cosmos 1340,StatusRetired,Success
RVSN USSR,"Site 132/2, Plesetsk Cosmodrome, Russia","Wed Feb 17, 1982 21:56 UTC",Cosmos-3M (11K65M) | Cosmos 1339,StatusRetired,Success
RVSN USSR,"Site 90/19, Baikonur Cosmodrome, Kazakhstan","Thu Feb 11, 1982 01:11 UTC",Tsyklon-2 | Cosmos 1337,StatusRetired,Success
RVSN USSR,"Site 132/1, Plesetsk Cosmodrome, Russia","Fri Jan 29, 1982 11:00 UTC",Cosmos-3M (11K65M) | Cosmos 1335,StatusRetired,Success
US Air Force,"SLC-4W, Vandenberg AFB, California, USA","Thu Jan 21, 1982 19:36 UTC",Titan III(24)B | OPS 2849,StatusRetired,Success
RVSN USSR,"Site 132/2, Plesetsk Cosmodrome, Russia","Thu Jan 14, 1982 07:51 UTC",Cosmos-3M (11K65M) | Cosmos 1333,StatusRetired,Success
RVSN USSR,"Site 132/2, Plesetsk Cosmodrome, Russia","Thu Jan 07, 1982 15:38 UTC",Cosmos-3M (11K65M) | Cosmos 1331,StatusRetired,Success
RVSN USSR,"Site 1/5, Baikonur Cosmodrome, Kazakhstan","Wed Dec 23, 1981 13:15 UTC",Molniya-M /Block ML | Molniya-1 n†­96,StatusRetired,Success
ESA,"ELV-1 (SLV), Guiana Space Centre, French Guiana, France","Sun Dec 20, 1981 01:29 UTC",Ariane 1 | MARCES-1 & CAT-4,StatusRetired,Success
General Dynamics,"SLC-3E, Vandenberg AFB, California, USA","Sat Dec 19, 1981 01:10 UTC",Atlas-E/F SGS-1 | GPS-7,StatusRetired,Failure
RVSN USSR,"Site 132/2, Plesetsk Cosmodrome, Russia","Thu Dec 17, 1981",Cosmos-3M (11K65M) | Radio-Sputnik 3 to 8,StatusRetired,Success
General Dynamics,"SLC-36B, Cape Canaveral AFS, Florida, USA","Tue Dec 15, 1981 23:35 UTC",Atlas-SLV3D Centaur-D1AR | Intelsat V -503,StatusRetired,Success
RVSN USSR,"Site 132/1, Plesetsk Cosmodrome, Russia","Fri Dec 04, 1981 11:06 UTC",Cosmos-3M (11K65M) | Cosmos 1304,StatusRetired,Partial Failure
RVSN USSR,"Site 32/1, Plesetsk Cosmodrome, Russia","Thu Dec 03, 1981 11:47 UTC",Tsyklon-3 | Cosmos 1328,StatusRetired,Success
RVSN USSR,"Site 132/2, Plesetsk Cosmodrome, Russia","Sat Nov 28, 1981 18:08 UTC",Cosmos-3M (11K65M) | Cosmos 1320 to 1327,StatusRetired,Success
RVSN USSR,"Site 107/1, Kapustin Yar, Russia","Fri Nov 20, 1981",Cosmos-3M (11K65M) | Bhaskara-2,StatusRetired,Success
RVSN USSR,"Site 41/1, Plesetsk Cosmodrome, Russia","Tue Nov 17, 1981 15:25 UTC",Molniya-M /Block ML | Molniya-1 n†­95,StatusRetired,Success
NASA,"LC-39A, Kennedy Space Center, Florida, USA","Thu Nov 12, 1981 15:09 UTC",Space Shuttle Columbia | STS-2,StatusRetired,Success
RVSN USSR,"Site 16/2, Plesetsk Cosmodrome, Russia","Sat Oct 31, 1981 22:53 UTC",Molniya-M /Block 2BL | Cosmos 1317,StatusRetired,Success
Martin Marietta,"SLC-40, Cape Canaveral AFS, Florida, USA","Sat Oct 31, 1981 09:22 UTC",Titan III(23)C | OPS-4029 (Vortex),StatusRetired,Success
RVSN USSR,"Site 41/1, Plesetsk Cosmodrome, Russia","Sat Oct 17, 1981 05:59 UTC",Molniya-M /Block ML | Molniya-3 n†­94,StatusRetired,Success
RVSN USSR,"Site 43/3, Plesetsk Cosmodrome, Russia","Tue Oct 13, 1981 23:01 UTC",Vostok-2M | Cosmos 1315,StatusRetired,Success
RVSN USSR,"Site 32/1, Plesetsk Cosmodrome, Russia","Wed Sep 30, 1981 08:00 UTC",Tsyklon-3 | Cosmos 1312,StatusRetired,Success
RVSN USSR,"Site 132/2, Plesetsk Cosmodrome, Russia","Mon Sep 28, 1981 21:00 UTC",Cosmos-3M (11K65M) | Cosmos 1311,StatusRetired,Success
RVSN USSR,"Site 132/2, Plesetsk Cosmodrome, Russia","Wed Sep 23, 1981 08:00 UTC",Cosmos-3M (11K65M) | Cosmos 1310,StatusRetired,Success
RVSN USSR,"Site 32/1, Plesetsk Cosmodrome, Russia","Mon Sep 21, 1981",Tsyklon-3 | Aureole 3,StatusRetired,Success
CASC,"Site 138 (LA-2B), Jiuquan Satellite Launch Center, China","Sat Sep 19, 1981 21:28 UTC",Feng Bao 1 | Shijian 2,StatusRetired,Success
RVSN USSR,"Site 132/1, Plesetsk Cosmodrome, Russia","Fri Sep 18, 1981 03:34 UTC",Cosmos-3M (11K65M) | Cosmos 1308,StatusRetired,Success
RVSN USSR,"Site 90/19, Baikonur Cosmodrome, Kazakhstan","Mon Sep 14, 1981 20:31 UTC",Tsyklon-2 | Cosmos 1306,StatusRetired,Success
RVSN USSR,"Site 43/3, Plesetsk Cosmodrome, Russia","Fri Sep 11, 1981 08:43 UTC",Molniya-M /Block ML | Cosmos 1305,StatusRetired,Partial Failure
Martin Marietta,"SLC-4E, Vandenberg AFB, California, USA","Thu Sep 03, 1981 18:29 UTC",Titan IIID | KH-11,StatusRetired,Success
RVSN USSR,"Site 132/1, Plesetsk Cosmodrome, Russia","Fri Aug 28, 1981 16:18 UTC",Cosmos-3M (11K65M) | Cosmos 1302,StatusRetired,Success
RVSN USSR,"Site 32/1, Plesetsk Cosmodrome, Russia","Mon Aug 24, 1981 21:40 UTC",Tsyklon-3 | Cosmos 1300,StatusRetired,Success
RVSN USSR,"Site 90/20, Baikonur Cosmodrome, Kazakhstan","Mon Aug 24, 1981 16:37 UTC",Tsyklon-2 | Cosmos 1299,StatusRetired,Success
RVSN USSR,"Site 132/2, Plesetsk Cosmodrome, Russia","Wed Aug 12, 1981 05:46 UTC",Cosmos-3M (11K65M) | Cosmos 1295,StatusRetired,Success
MHI,"LA-Y1, Tanegashima Space Center, Japan","Mon Aug 10, 1981 20:03 UTC",N-II Star-37E | Himawari 2,StatusRetired,Success
RVSN USSR,"Site 43/3, Plesetsk Cosmodrome, Russia","Fri Aug 07, 1981",Vostok-2M | Intercosmos 22,StatusRetired,Success
RVSN USSR,"Site 132/2, Plesetsk Cosmodrome, Russia","Thu Aug 06, 1981 11:49 UTC",Cosmos-3M (11K65M) | Cosmos 1287 to 1294,StatusRetired,Success
General Dynamics,"SLC-36A, Cape Canaveral AFS, Florida, USA","Thu Aug 06, 1981 08:16 UTC",Atlas-SLV3D Centaur-D1AR | FLTSATCOM-5,StatusRetired,Partial Failure
RVSN USSR,"Site 90/19, Baikonur Cosmodrome, Kazakhstan","Tue Aug 04, 1981 08:28 UTC",Tsyklon-2 | Cosmos 1286,StatusRetired,Success
RVSN USSR,"Site 16/2, Plesetsk Cosmodrome, Russia","Tue Aug 04, 1981 00:12 UTC",Molniya-M /Block 2BL | Cosmos 1285,StatusRetired,Success
RVSN USSR,"Site 31/6, Baikonur Cosmodrome, Kazakhstan","Fri Jul 10, 1981 05:14 UTC",Vostok-2M | Meteor-Priroda n†­5 & Iskra 1,StatusRetired,Success
RVSN USSR,"Site 43/3, Plesetsk Cosmodrome, Russia","Wed Jun 24, 1981 17:47 UTC",Molniya-M /Block ML | Molniya-1 n†­92,StatusRetired,Success
General Dynamics,"SLC-3W, Vandenberg AFB, California, USA","Tue Jun 23, 1981 10:52 UTC",Atlas-E/F Star-37S-ISS | NOAA-C,StatusRetired,Success
RVSN USSR,"Site 43/3, Plesetsk Cosmodrome, Russia","Fri Jun 19, 1981 19:37 UTC",Molniya-M /Block 2BL | Cosmos 1278,StatusRetired,Success
ESA,"ELV-1 (SLV), Guiana Space Centre, French Guiana, France","Fri Jun 19, 1981 12:33 UTC",Ariane 1 | CAT-3 & Others,StatusRetired,Success
RVSN USSR,"Site 41/1, Plesetsk Cosmodrome, Russia","Tue Jun 09, 1981 03:33 UTC",Molniya-M /Block ML | Molniya-3 n†­91,StatusRetired,Success
RVSN USSR,"Site 132/2, Plesetsk Cosmodrome, Russia","Thu Jun 04, 1981 15:41 UTC",Cosmos-3M (11K65M) | Cosmos 1275,StatusRetired,Success
ISRO,"SLV LP, Satish Dhawan Space Centre, India","Sun May 31, 1981 05:00 UTC",SLV-3 | Rohini RS-D1,StatusRetired,Partial Failure
General Dynamics,"SLC-36B, Cape Canaveral AFS, Florida, USA","Sat May 23, 1981 22:42 UTC",Atlas-SLV3D Centaur-D1AR | Intelsat V -501,StatusRetired,Success
RVSN USSR,"Site 43/3, Plesetsk Cosmodrome, Russia","Tue May 19, 1981 03:49 UTC",Vostok-2M | Cosmos 1271,StatusRetired,Success
RVSN USSR,"Site 43/3, Plesetsk Cosmodrome, Russia","Thu May 14, 1981 21:45 UTC",Vostok-2M | Meteor-2 n†­8,StatusRetired,Success
RVSN USSR,"Site 132/1, Plesetsk Cosmodrome, Russia","Thu May 07, 1981 13:21 UTC",Cosmos-3M (11K65M) | Cosmos 1269,StatusRetired,Success
Martin Marietta,"SLC-4W, Vandenberg AFB, California, USA","Fri Apr 24, 1981 21:32 UTC",Titan III(34)B Agena-D | Jumpseat 6,StatusRetired,Success
NASA,"LC-39A, Kennedy Space Center, Florida, USA","Sun Apr 12, 1981 12:00 UTC",Space Shuttle Columbia | STS-1,StatusRetired,Success
RVSN USSR,"Site 132/1, Plesetsk Cosmodrome, Russia","Thu Apr 09, 1981 12:00 UTC",Cosmos-3M (11K65M) | Cosmos 1263,StatusRetired,Success
RVSN USSR,"Site 41/1, Plesetsk Cosmodrome, Russia","Tue Mar 31, 1981 09:39 UTC",Molniya-M /Block 2BL | Cosmos 1261,StatusRetired,Success
RVSN USSR,"Site 41/1, Plesetsk Cosmodrome, Russia","Tue Mar 24, 1981 03:31 UTC",Molniya-M /Block ML | Molniya-3 n†­90,StatusRetired,Success
RVSN USSR,"Site 90/20, Baikonur Cosmodrome, Kazakhstan","Sat Mar 21, 1981 03:45 UTC",Tsyklon-2 | Cosmos 1266,StatusRetired,Success
RVSN USSR,"Site 90/19, Baikonur Cosmodrome, Kazakhstan","Fri Mar 20, 1981 23:45 UTC",Tsyklon-2 | Cosmos 1260,StatusRetired,Success
Martin Marietta,"SLC-40, Cape Canaveral AFS, Florida, USA","Mon Mar 16, 1981 13:30 UTC",Titan III(23)C | DSP-9,StatusRetired,Success
RVSN USSR,"Site 90/20, Baikonur Cosmodrome, Kazakhstan","Sat Mar 14, 1981 16:55 UTC",Tsyklon-2 | Cosmos 1258,StatusRetired,Success
RVSN USSR,"Site 132/2, Plesetsk Cosmodrome, Russia","Fri Mar 06, 1981 11:31 UTC",Cosmos-3M (11K65M) | Cosmos 1250 to 1257,StatusRetired,Success
RVSN USSR,"Site 90/19, Baikonur Cosmodrome, Kazakhstan","Thu Mar 05, 1981 18:09 UTC",Tsyklon-2 | Cosmos 1249,StatusRetired,Success
US Air Force,"SLC-4W, Vandenberg AFB, California, USA","Sat Feb 28, 1981 19:15 UTC",Titan III(24)B | OPS 1166,StatusRetired,Success
General Dynamics,"SLC-36A, Cape Canaveral AFS, Florida, USA","Sat Feb 21, 1981 23:23 UTC",Atlas-SLV3D Centaur-D1AR | Comstar D4,StatusRetired,Success
ISAS,"Mu Pad, Uchinoura Space Center, Japan","Sat Feb 21, 1981 00:30 UTC",Mu-III S | Hinotori,StatusRetired,Success
RVSN USSR,"Site 16/2, Plesetsk Cosmodrome, Russia","Thu Feb 19, 1981 10:00 UTC",Molniya-M /Block 2BL | Cosmos 1247,StatusRetired,Success
RVSN USSR,"Site 132/1, Plesetsk Cosmodrome, Russia","Thu Feb 12, 1981 18:21 UTC",Cosmos-3M (11K65M) | Cosmos 1244,StatusRetired,Success
MHI,"LA-Y1, Tanegashima Space Center, Japan","Wed Feb 11, 1981 08:30 UTC",N-II Star-37E | Kiku 3,StatusRetired,Success
RVSN USSR,"Site 132/1, Plesetsk Cosmodrome, Russia","Fri Feb 06, 1981",Cosmos-3M (11K65M) | Intercosmos 21,StatusRetired,Success
RVSN USSR,"Site 90/20, Baikonur Cosmodrome, Kazakhstan","Mon Feb 02, 1981 02:19 UTC",Tsyklon-2 | Cosmos 1243,StatusRetired,Success
RVSN USSR,"Site 43/3, Plesetsk Cosmodrome, Russia","Fri Jan 30, 1981 16:27 UTC",Molniya-M /Block ML | Molniya-1 n†­89,StatusRetired,Success
RVSN USSR,"Site 43/3, Plesetsk Cosmodrome, Russia","Tue Jan 27, 1981 14:58 UTC",Vostok-2M | Cosmos 1242,StatusRetired,Success
RVSN USSR,"Site 32/1, Plesetsk Cosmodrome, Russia","Fri Jan 23, 1981 11:20 UTC",Tsyklon-3 | Cosmos 1242,StatusRetired,Failure
RVSN USSR,"Site 132/1, Plesetsk Cosmodrome, Russia","Wed Jan 21, 1981 08:29 UTC",Cosmos-3M (11K65M) | Cosmos 1241,StatusRetired,Success
RVSN USSR,"Site 132/1, Plesetsk Cosmodrome, Russia","Fri Jan 16, 1981 09:00 UTC",Cosmos-3M (11K65M) | Cosmos 1238,StatusRetired,Success
RVSN USSR,"Site 41/1, Plesetsk Cosmodrome, Russia","Fri Jan 09, 1981 14:57 UTC",Molniya-M /Block ML | Molniya-3 n†­88,StatusRetired,Success
RVSN USSR,"Site 31/6, Baikonur Cosmodrome, Kazakhstan","Thu Dec 25, 1980",Molniya-M /Block SO-L | Prognoz n†­8,StatusRetired,Success
RVSN USSR,"Site 132/1, Plesetsk Cosmodrome, Russia","Tue Dec 23, 1980 22:48 UTC",Cosmos-3M (11K65M) | Cosmos 1228 to 1235,StatusRetired,Partial Failure
Martin Marietta,"SLC-4W, Vandenberg AFB, California, USA","Sat Dec 13, 1980",Titan III(34)B Agena-D | Quasar 4,StatusRetired,Success
RVSN USSR,"Site 132/1, Plesetsk Cosmodrome, Russia","Wed Dec 10, 1980 20:53 UTC",Cosmos-3M (11K65M) | Cosmos 1226,StatusRetired,Success
General Dynamics,"SLC-3W, Vandenberg AFB, California, USA","Tue Dec 09, 1980 07:18 UTC",Atlas-E/F MSD | NOSS-4,StatusRetired,Failure
General Dynamics,"SLC-36B, Cape Canaveral AFS, Florida, USA","Sat Dec 06, 1980 23:31 UTC",Atlas-SLV3D Centaur-D1AR | Intelsat V -502,StatusRetired,Success
RVSN USSR,"Site 86/1, Kapustin Yar, Russia","Fri Dec 05, 1980",Cosmos-3MRB (65MRB) | BOR-4 Shuttle,StatusRetired,Success
RVSN USSR,"Site 132/1, Plesetsk Cosmodrome, Russia","Fri Dec 05, 1980 04:23 UTC",Cosmos-3M (11K65M) | Cosmos 1225,StatusRetired,Success
RVSN USSR,"Site 41/1, Plesetsk Cosmodrome, Russia","Thu Nov 27, 1980 21:37 UTC",Molniya-M /Block 2BL | Cosmos 1223,StatusRetired,Success
RVSN USSR,"Site 43/3, Plesetsk Cosmodrome, Russia","Fri Nov 21, 1980 11:53 UTC",Vostok-2M | Cosmos 1222,StatusRetired,Success
RVSN USSR,"Site 41/1, Plesetsk Cosmodrome, Russia","Sun Nov 16, 1980 04:18 UTC",Molniya-M /Block ML | Molniya-1 n†­87,StatusRetired,Success
RVSN USSR,"Site 90/20, Baikonur Cosmodrome, Kazakhstan","Tue Nov 04, 1980 15:04 UTC",Tsyklon-2 | Cosmos 1220,StatusRetired,Success
General Dynamics,"SLC-36A, Cape Canaveral AFS, Florida, USA","Fri Oct 31, 1980 03:54 UTC",Atlas-SLV3D Centaur-D1AR | FLTSATCOM-4,StatusRetired,Success
RVSN USSR,"Site 41/1, Plesetsk Cosmodrome, Russia","Fri Oct 24, 1980 10:53 UTC",Molniya-M /Block 2BL | Cosmos 1217,StatusRetired,Success
RVSN USSR,"Site 132/1, Plesetsk Cosmodrome, Russia","Tue Oct 14, 1980 20:41 UTC",Cosmos-3M (11K65M) | Cosmos 1215,StatusRetired,Success
RVSN USSR,"Site 43/3, Plesetsk Cosmodrome, Russia","Tue Sep 09, 1980 11:00 UTC",Vostok-2M | Meteor-2 n†­7,StatusRetired,Success
RVSN USSR,"Site 43/3, Plesetsk Cosmodrome, Russia","Fri Aug 15, 1980 05:34 UTC",Vostok-2M | Cosmos 1206,StatusRetired,Success
RVSN USSR,"Site 107/1, Kapustin Yar, Russia","Thu Jul 31, 1980 10:20 UTC",Cosmos-3M (11K65M) | Cosmos 1204,StatusRetired,Success
RVSN USSR,"Site 43/3, Plesetsk Cosmodrome, Russia","Fri Jul 18, 1980 10:37 UTC",Molniya-M /Block ML | Molniya-3 n†­86,StatusRetired,Success
ISRO,"SLV LP, Satish Dhawan Space Centre, India","Fri Jul 18, 1980 02:33 UTC",SLV-3 | Rohini RS-1,StatusRetired,Success
RVSN USSR,"Site 132/2, Plesetsk Cosmodrome, Russia","Wed Jul 09, 1980 00:42 UTC",Cosmos-3M (11K65M) | Cosmos 1192 to 1199,StatusRetired,Success
RVSN USSR,"Site 41/1, Plesetsk Cosmodrome, Russia","Wed Jul 02, 1980 00:53 UTC",Molniya-M /Block 2BL | Cosmos 1191,StatusRetired,Success
RVSN USSR,"Site 132/2, Plesetsk Cosmodrome, Russia","Tue Jul 01, 1980 07:12 UTC",Cosmos-3M (11K65M) | Cosmos 1190,StatusRetired,Success
RVSN USSR,"Site 41/1, Plesetsk Cosmodrome, Russia","Sat Jun 21, 1980 18:34 UTC",Molniya-M /Block ML | Molniya-1 n†­85,StatusRetired,Success
Martin Marietta,"SLC-4E, Vandenberg AFB, California, USA","Wed Jun 18, 1980 18:29 UTC",Titan IIID | KH-9),StatusRetired,Success
RVSN USSR,"Site 31/6, Baikonur Cosmodrome, Kazakhstan","Wed Jun 18, 1980 06:14 UTC",Vostok-2M | Meteor-Priroda n†­4,StatusRetired,Success
RVSN USSR,"Site 43/3, Plesetsk Cosmodrome, Russia","Sat Jun 14, 1980 20:51 UTC",Molniya-M /Block 2BL | Cosmos 1188,StatusRetired,Success
RVSN USSR,"Site 132/1, Plesetsk Cosmodrome, Russia","Fri Jun 06, 1980 11:00 UTC",Cosmos-3M (11K65M) | Cosmos 1186,StatusRetired,Success
RVSN USSR,"Site 43/3, Plesetsk Cosmodrome, Russia","Wed Jun 04, 1980 07:34 UTC",Vostok-2M | Cosmos 1184,StatusRetired,Success
General Dynamics,"SLC-3W, Vandenberg AFB, California, USA","Thu May 29, 1980 10:53 UTC",Atlas-E/F Star-37S-ISS | NOAA-B,StatusRetired,Failure
ESA,"ELV-1 (SLV), Guiana Space Centre, French Guiana, France","Fri May 23, 1980 14:29 UTC",Ariane 1 | CAT-2 & Others,StatusRetired,Failure
RVSN USSR,"Site 132/2, Plesetsk Cosmodrome, Russia","Tue May 20, 1980 09:21 UTC",Cosmos-3M (11K65M) | Cosmos 1181,StatusRetired,Success
RVSN USSR,"Site 132/1, Plesetsk Cosmodrome, Russia","Wed May 14, 1980 13:00 UTC",Cosmos-3M (11K65M) | Cosmos 1179,StatusRetired,Success
RVSN USSR,"Site 90/20, Baikonur Cosmodrome, Kazakhstan","Tue Apr 29, 1980 11:40 UTC",Tsyklon-2 | Cosmos 1176,StatusRetired,Success
General Dynamics,"SLC-3E, Vandenberg AFB, California, USA","Sat Apr 26, 1980 22:00 UTC",Atlas-E/F SGS-1 | GPS-6,StatusRetired,Success
RVSN USSR,"Site 41/1, Plesetsk Cosmodrome, Russia","Fri Apr 18, 1980 17:31 UTC",Molniya-M /Block ML | Cosmos 1175,StatusRetired,Partial Failure
RVSN USSR,"Site 90/20, Baikonur Cosmodrome, Kazakhstan","Fri Apr 18, 1980 00:51 UTC",Tsyklon-2 | Cosmos 1174,StatusRetired,Success
RVSN USSR,"Site 41/1, Plesetsk Cosmodrome, Russia","Sat Apr 12, 1980 20:17 UTC",Molniya-M /Block 2BL | Cosmos 1172,StatusRetired,Success
RVSN USSR,"Site 132/2, Plesetsk Cosmodrome, Russia","Thu Apr 03, 1980 07:40 UTC",Cosmos-3M (11K65M) | Cosmos 1171,StatusRetired,Success
RVSN USSR,"Site 132/1, Plesetsk Cosmodrome, Russia","Thu Mar 27, 1980 07:30 UTC",Cosmos-3M (11K65M) | Cosmos 1169,StatusRetired,Success
RVSN USSR,"Site 132/1, Plesetsk Cosmodrome, Russia","Mon Mar 17, 1980 21:37 UTC",Cosmos-3M (11K65M) | Cosmos 1168,StatusRetired,Success
RVSN USSR,"Site 90/20, Baikonur Cosmodrome, Kazakhstan","Fri Mar 14, 1980 10:40 UTC",Tsyklon-2 | Cosmos 1167,StatusRetired,Success
General Dynamics,"SLC-3W, Vandenberg AFB, California, USA","Mon Mar 03, 1980 09:27 UTC",Atlas-E/F MSD | NOSS-3,StatusRetired,Success
MHI,"LA-Y1, Tanegashima Space Center, Japan","Fri Feb 22, 1980 08:35 UTC",N-I Star-37E | Ayame 2,StatusRetired,Success
ISAS,"Mu Pad, Uchinoura Space Center, Japan","Sun Feb 17, 1980 00:40 UTC",Mu-III S | Tansei 4,StatusRetired,Success
RVSN USSR,"Site 43/4, Plesetsk Cosmodrome, Russia","Tue Feb 12, 1980 00:52 UTC",Molniya-M /Block 2BL | Cosmos 1164,StatusRetired,Partial Failure
RVSN USSR,"Site 132/2, Plesetsk Cosmodrome, Russia","Mon Feb 11, 1980 23:32 UTC",Cosmos-3M (11K65M) | Cosmos 1156 to 1163,StatusRetired,Success
General Dynamics,"SLC-3E, Vandenberg AFB, California, USA","Sat Feb 09, 1980 23:08 UTC",Atlas-E/F SGS-1 | GPS-5,StatusRetired,Success
Martin Marietta,"SLC-4E, Vandenberg AFB, California, USA","Thu Feb 07, 1980 21:10 UTC",Titan IIID | KH-11,StatusRetired,Success
RVSN USSR,"Site 43/4, Plesetsk Cosmodrome, Russia","Wed Jan 30, 1980 12:51 UTC",Vostok-2M | Cosmos 1154,StatusRetired,Success
RVSN USSR,"Site 132/2, Plesetsk Cosmodrome, Russia","Fri Jan 25, 1980 20:36 UTC",Cosmos-3M (11K65M) | Cosmos 1153,StatusRetired,Success
RVSN USSR,"Site 32/1, Plesetsk Cosmodrome, Russia","Wed Jan 23, 1980 07:00 UTC",Tsyklon-3 | Cosmos 1151,StatusRetired,Success
General Dynamics,"SLC-36A, Cape Canaveral AFS, Florida, USA","Fri Jan 18, 1980 01:26 UTC",Atlas-SLV3D Centaur-D1AR | FLTSATCOM-3,StatusRetired,Success
RVSN USSR,"Site 132/2, Plesetsk Cosmodrome, Russia","Mon Jan 14, 1980 19:49 UTC",Cosmos-3M (11K65M) | Cosmos 1150,StatusRetired,Success
RVSN USSR,"Site 41/1, Plesetsk Cosmodrome, Russia","Fri Jan 11, 1980 12:28 UTC",Molniya-M /Block ML | Molniya-1 n†­83,StatusRetired,Success
ESA,"ELV-1 (SLV), Guiana Space Centre, French Guiana, France","Mon Dec 24, 1979 17:14 UTC",Ariane 1 | CAT-1,StatusRetired,Success
RVSN USSR,"Site 132/2, Plesetsk Cosmodrome, Russia","Wed Dec 05, 1979 09:00 UTC",Cosmos-3M (11K65M) | Cosmos 1146,StatusRetired,Success
RVSN USSR,"Site 43/4, Plesetsk Cosmodrome, Russia","Tue Nov 27, 1979 09:55 UTC",Vostok-2M | Cosmos 1145,StatusRetired,Success
Martin Marietta,"SLC-40, Cape Canaveral AFS, Florida, USA","Wed Nov 21, 1979 02:09 UTC",Titan III(23)C | DSCS-II 13&14,StatusRetired,Success
RVSN USSR,"Site 132/2, Plesetsk Cosmodrome, Russia","Thu Nov 01, 1979",Cosmos-3M (11K65M) | Intercosmos 20,StatusRetired,Success
RVSN USSR,"Site 43/4, Plesetsk Cosmodrome, Russia","Wed Oct 31, 1979 09:25 UTC",Vostok-2M | Meteor-2 n†­6,StatusRetired,Success
RVSN USSR,"Site 43/4, Plesetsk Cosmodrome, Russia","Fri Oct 26, 1979 18:12 UTC",Vostok-2M | Cosmos 1143,StatusRetired,Success
RVSN USSR,"Site 41/1, Plesetsk Cosmodrome, Russia","Sat Oct 20, 1979 07:03 UTC",Molniya-M /Block ML | Molniya-1 n†­82,StatusRetired,Success
RVSN USSR,"Site 132/2, Plesetsk Cosmodrome, Russia","Tue Oct 16, 1979 12:17 UTC",Cosmos-3M (11K65M) | Cosmos 1141,StatusRetired,Success
RVSN USSR,"Site 132/2, Plesetsk Cosmodrome, Russia","Thu Oct 11, 1979 16:36 UTC",Cosmos-3M (11K65M) | Cosmos 1140,StatusRetired,Success
Martin Marietta,"SLC-40, Cape Canaveral AFS, Florida, USA","Mon Oct 01, 1979 11:22 UTC",Titan III(23)C | OPS-1948 (Vortex),StatusRetired,Success
RVSN USSR,"Site 132/2, Plesetsk Cosmodrome, Russia","Tue Sep 25, 1979 21:00 UTC",Cosmos-3M (11K65M) | Cosmos 1130 to 1137,StatusRetired,Success
General Dynamics,"SLC-36B, Cape Canaveral AFS, Florida, USA","Thu Sep 20, 1979 05:28 UTC",Atlas-SLV3D Centaur-D1AR | HEAO-3,StatusRetired,Success
RVSN USSR,"Site 132/1, Plesetsk Cosmodrome, Russia","Tue Aug 28, 1979 00:55 UTC",Cosmos-3M (11K65M) | Cosmos 1125,StatusRetired,Success
RVSN USSR,"Site 43/4, Plesetsk Cosmodrome, Russia","Tue Aug 28, 1979 00:17 UTC",Molniya-M /Block 2BL | Cosmos 1124,StatusRetired,Success
ISRO,"SLV LP, Satish Dhawan Space Centre, India","Fri Aug 10, 1979 02:28 UTC",SLV-3 | Rohini Technology Payload,StatusRetired,Failure
RVSN USSR,"Site 43/3, Plesetsk Cosmodrome, Russia","Tue Jul 31, 1979 03:56 UTC",Molniya-M /Block ML | Molniya-1 n†­81,StatusRetired,Success
CASC,"Site 138 (LA-2B), Jiuquan Satellite Launch Center, China","Fri Jul 27, 1979 21:28 UTC",Feng Bao 1 | Shijian 2A,StatusRetired,Failure
RVSN USSR,"Site 43/4, Plesetsk Cosmodrome, Russia","Fri Jul 20, 1979 11:58 UTC",Vostok-2M | Cosmos 1116,StatusRetired,Success
RVSN USSR,"Site 132/1, Plesetsk Cosmodrome, Russia","Wed Jul 11, 1979 15:41 UTC",Cosmos-3M (11K65M) | Cosmos 1114,StatusRetired,Success
RVSN USSR,"Site 107/1, Kapustin Yar, Russia","Fri Jul 06, 1979 08:20 UTC",Cosmos-3M (11K65M) | Cosmos 1112,StatusRetired,Success
RVSN USSR,"Site 132/1, Plesetsk Cosmodrome, Russia","Thu Jun 28, 1979 20:09 UTC",Cosmos-3M (11K65M) | Cosmos 1110,StatusRetired,Success
RVSN USSR,"Site 41/1, Plesetsk Cosmodrome, Russia","Wed Jun 27, 1979 18:11 UTC",Molniya-M /Block 2BL | Cosmos 1109,StatusRetired,Success
General Dynamics,"SLC-3W, Vandenberg AFB, California, USA","Wed Jun 27, 1979 15:51 UTC",Atlas-E/F Star-37S-ISS | NOAA-A,StatusRetired,Success
Martin Marietta,"SLC-40, Cape Canaveral AFS, Florida, USA","Sun Jun 10, 1979 13:30 UTC",Titan III(23)C | DSP-8,StatusRetired,Success
RVSN USSR,"Site 107/1, Kapustin Yar, Russia","Thu Jun 07, 1979",Cosmos-3M (11K65M) | Bhaskara-1,StatusRetired,Success
RVSN USSR,"Site 43/4, Plesetsk Cosmodrome, Russia","Tue Jun 05, 1979 23:28 UTC",Molniya-M /Block ML | Molniya-3 n†­80,StatusRetired,Success
RVSN USSR,"Site 132/1, Plesetsk Cosmodrome, Russia","Thu May 31, 1979 17:58 UTC",Cosmos-3M (11K65M) | Cosmos 1104,StatusRetired,Success
US Air Force,"SLC-4W, Vandenberg AFB, California, USA","Mon May 28, 1979 18:14 UTC",Titan III(24)B | OPS 7164,StatusRetired,Success
General Dynamics,"SLC-36A, Cape Canaveral AFS, Florida, USA","Fri May 04, 1979 18:57 UTC",Atlas-SLV3D Centaur-D1AR | FLTSATCOM-2,StatusRetired,Success
RVSN USSR,"Site 90/19, Baikonur Cosmodrome, Kazakhstan","Wed Apr 25, 1979 10:00 UTC",Tsyklon-2 | Cosmos 1096,StatusRetired,Success
RVSN USSR,"Site 90/19, Baikonur Cosmodrome, Kazakhstan","Wed Apr 18, 1979 12:00 UTC",Tsyklon-2 | Cosmos 1094,StatusRetired,Success
RVSN USSR,"Site 43/3, Plesetsk Cosmodrome, Russia","Sat Apr 14, 1979 05:27 UTC",Vostok-2M | Cosmos 1093,StatusRetired,Success
RVSN USSR,"Site 41/1, Plesetsk Cosmodrome, Russia","Thu Apr 12, 1979 00:28 UTC",Molniya-M /Block ML | Molniya-1 n†­79,StatusRetired,Success
RVSN USSR,"Site 132/1, Plesetsk Cosmodrome, Russia","Wed Apr 11, 1979 21:51 UTC",Cosmos-3M (11K65M) | Cosmos 1092,StatusRetired,Success
RVSN USSR,"Site 132/1, Plesetsk Cosmodrome, Russia","Sat Apr 07, 1979 06:20 UTC",Cosmos-3M (11K65M) | Cosmos 1091,StatusRetired,Success
RVSN USSR,"Site 132/2, Plesetsk Cosmodrome, Russia","Wed Mar 21, 1979 04:13 UTC",Cosmos-3M (11K65M) | Cosmos 1089,StatusRetired,Success
Martin Marietta,"SLC-4E, Vandenberg AFB, California, USA","Fri Mar 16, 1979 18:30 UTC",Titan IIID | KH-9 & SSF-D-3,StatusRetired,Success
RVSN USSR,"Site 132/2, Plesetsk Cosmodrome, Russia","Thu Mar 15, 1979 02:58 UTC",Cosmos-3M (11K65M) | Cosmos 1081 to 1088,StatusRetired,Success
RVSN USSR,"Site 43/4, Plesetsk Cosmodrome, Russia","Thu Mar 01, 1979 18:45 UTC",Vostok-2M | Meteor-2 n†­5,StatusRetired,Success
RVSN USSR,"Site 132/2, Plesetsk Cosmodrome, Russia","Tue Feb 27, 1979",Cosmos-3M (11K65M) | Intercosmos-19,StatusRetired,Success
General Dynamics,"SLC-3W, Vandenberg AFB, California, USA","Sat Feb 24, 1979 08:20 UTC",Atlas-E/F OIS | Solwind,StatusRetired,Success
RVSN USSR,"Site 43/4, Plesetsk Cosmodrome, Russia","Tue Feb 13, 1979 21:41 UTC",Vostok-2M | Cosmos 1077,StatusRetired,Success
RVSN USSR,"Site 32/2, Plesetsk Cosmodrome, Russia","Mon Feb 12, 1979 13:00 UTC",Tsyklon-3 | Cosmos 1076,StatusRetired,Success
RVSN USSR,"Site 132/2, Plesetsk Cosmodrome, Russia","Thu Feb 08, 1979 10:00 UTC",Cosmos-3M (11K65M) | Cosmos 1075,StatusRetired,Success
MHI,"LA-Y1, Tanegashima Space Center, Japan","Tue Feb 06, 1979 08:46 UTC",N-I Star-37E | Ayame 1,StatusRetired,Partial Failure
RVSN USSR,"Site 31/6, Baikonur Cosmodrome, Kazakhstan","Thu Jan 25, 1979 05:43 UTC",Vostok-2M | Meteor-Priroda n†­3,StatusRetired,Success
RVSN USSR,"Site 43/4, Plesetsk Cosmodrome, Russia","Thu Jan 18, 1979 15:42 UTC",Molniya-M /Block ML | Molniya-3 n†­78,StatusRetired,Success
RVSN USSR,"Site 132/1, Plesetsk Cosmodrome, Russia","Tue Jan 16, 1979 17:37 UTC",Cosmos-3M (11K65M) | Cosmos 1072,StatusRetired,Success
RVSN USSR,"Site 41/1, Plesetsk Cosmodrome, Russia","Thu Dec 28, 1978 16:30 UTC",Soyuz U | Cosmos 1069,StatusRetired,Success
RVSN USSR,"Site 43/4, Plesetsk Cosmodrome, Russia","Tue Dec 26, 1978 15:30 UTC",Soyuz U | Cosmos 1068,StatusRetired,Partial Failure
RVSN USSR,"Site 132/2, Plesetsk Cosmodrome, Russia","Tue Dec 26, 1978 13:30 UTC",Cosmos-3M (11K65M) | Cosmos 1067,StatusRetired,Success
RVSN USSR,"Site 43/3, Plesetsk Cosmodrome, Russia","Sat Dec 23, 1978",Vostok-2M | Cosmos 1066,StatusRetired,Success
RVSN USSR,"Site 107/1, Kapustin Yar, Russia","Fri Dec 22, 1978 22:00 UTC",Cosmos-3M (11K65M) | Cosmos 1065,StatusRetired,Success
RVSN USSR,"Site 132/1, Plesetsk Cosmodrome, Russia","Wed Dec 20, 1978 20:43 UTC",Cosmos-3M (11K65M) | Cosmos 1064,StatusRetired,Partial Failure
RVSN USSR,"Site 43/4, Plesetsk Cosmodrome, Russia","Tue Dec 19, 1978 01:35 UTC",Vostok-2M | Cosmos 1063,StatusRetired,Success
RVSN USSR,"Site 132/2, Plesetsk Cosmodrome, Russia","Fri Dec 15, 1978 13:19 UTC",Cosmos-3M (11K65M) | Cosmos 1062,StatusRetired,Success
RVSN USSR,"Site 43/4, Plesetsk Cosmodrome, Russia","Thu Dec 14, 1978 15:20 UTC",Soyuz U | Cosmos 1061,StatusRetired,Success
Martin Marietta,"SLC-40, Cape Canaveral AFS, Florida, USA","Thu Dec 14, 1978 00:40 UTC",Titan III(23)C | DSCS-II 11&12,StatusRetired,Success
General Dynamics,"SLC-3E, Vandenberg AFB, California, USA","Mon Dec 11, 1978 03:59 UTC",Atlas-E/F SGS-1 | GPS-4,StatusRetired,Success
RVSN USSR,"Site 31/6, Baikonur Cosmodrome, Kazakhstan","Fri Dec 08, 1978 09:30 UTC",Soyuz U | Cosmos 1060,StatusRetired,Success
RVSN USSR,"Site 41/1, Plesetsk Cosmodrome, Russia","Thu Dec 07, 1978 15:30 UTC",Soyuz U | Cosmos 1059,StatusRetired,Success
RVSN USSR,"Site 132/2, Plesetsk Cosmodrome, Russia","Tue Dec 05, 1978 18:12 UTC",Cosmos-3M (11K65M) | Cosmos 1051 to 1058,StatusRetired,Success
RVSN USSR,"Site 43/4, Plesetsk Cosmodrome, Russia","Tue Nov 28, 1978 16:20 UTC",Soyuz U | Cosmos 1050,StatusRetired,Success
RVSN USSR,"Site 43/4, Plesetsk Cosmodrome, Russia","Tue Nov 21, 1978 12:00 UTC",Soyuz U | Cosmos 1049,StatusRetired,Success
RVSN USSR,"Site 132/2, Plesetsk Cosmodrome, Russia","Thu Nov 16, 1978 21:45 UTC",Cosmos-3M (11K65M) | Cosmos 1048,StatusRetired,Success
RVSN USSR,"Site 41/1, Plesetsk Cosmodrome, Russia","Wed Nov 15, 1978 11:45 UTC",Soyuz U | Cosmos 1047,StatusRetired,Success
General Dynamics,"SLC-36B, Cape Canaveral AFS, Florida, USA","Mon Nov 13, 1978 05:24 UTC",Atlas-SLV3D Centaur-D1AR | HEAO-2,StatusRetired,Success
RVSN USSR,"Site 41/1, Plesetsk Cosmodrome, Russia","Wed Nov 01, 1978 12:00 UTC",Soyuz U | Cosmos 1046,StatusRetired,Success
RVSN USSR,"Site 31/6, Baikonur Cosmodrome, Kazakhstan","Mon Oct 30, 1978",Molniya-M /Block SO-L | Prognoz n†­7,StatusRetired,Success
RVSN USSR,"Site 32/2, Plesetsk Cosmodrome, Russia","Thu Oct 26, 1978 07:00 UTC",Tsyklon-3 | Cosmos 1045 & Radio 1 and 2,StatusRetired,Success
RVSN USSR,"Site 132/1, Plesetsk Cosmodrome, Russia","Tue Oct 24, 1978",Cosmos-3M (11K65M) | Intercosmos-18 & Magion 1,StatusRetired,Success
RVSN USSR,"Site 43/4, Plesetsk Cosmodrome, Russia","Tue Oct 17, 1978 15:00 UTC",Soyuz U | Cosmos 1044,StatusRetired,Success
General Dynamics,"SLC-3W, Vandenberg AFB, California, USA","Fri Oct 13, 1978 11:23 UTC",Atlas-E/F Star-37S-ISS | Tiros-N,StatusRetired,Success
RVSN USSR,"Site 43/3, Plesetsk Cosmodrome, Russia","Fri Oct 13, 1978 05:19 UTC",Molniya-M /Block ML | Molniya-3 n†­77,StatusRetired,Success
RVSN USSR,"Site 43/4, Plesetsk Cosmodrome, Russia","Tue Oct 10, 1978 19:44 UTC",Vostok-2M | Cosmos 1043,StatusRetired,Success
General Dynamics,"SLC-3E, Vandenberg AFB, California, USA","Sat Oct 07, 1978 00:28 UTC",Atlas-E/F SGS-1 | GPS-3,StatusRetired,Success
RVSN USSR,"Site 43/3, Plesetsk Cosmodrome, Russia","Fri Oct 06, 1978 15:30 UTC",Soyuz U | Cosmos 1042,StatusRetired,Success
RVSN USSR,"Site 132/1, Plesetsk Cosmodrome, Russia","Wed Oct 04, 1978 03:49 UTC",Cosmos-3M (11K65M) | Cosmos 1034 to 1041,StatusRetired,Success
RVSN USSR,"Site 43/3, Plesetsk Cosmodrome, Russia","Tue Oct 03, 1978 11:00 UTC",Soyuz U | Cosmos 1033,StatusRetired,Success
RVSN USSR,"Site 43/3, Plesetsk Cosmodrome, Russia","Tue Sep 19, 1978 08:05 UTC",Soyuz U | Cosmos 1032,StatusRetired,Success
ISAS,"Mu Pad, Uchinoura Space Center, Japan","Sat Sep 16, 1978 05:00 UTC",Mu-III H | Jikiken,StatusRetired,Success
RVSN USSR,"Site 41/1, Plesetsk Cosmodrome, Russia","Sat Sep 09, 1978 15:00 UTC",Soyuz U | Cosmos 1031,StatusRetired,Success
RVSN USSR,"Site 43/4, Plesetsk Cosmodrome, Russia","Wed Sep 06, 1978 03:04 UTC",Molniya-M /Block 2BL | Cosmos 1030,StatusRetired,Success
RVSN USSR,"Site 43/4, Plesetsk Cosmodrome, Russia","Tue Aug 29, 1978 15:00 UTC",Soyuz U | Cosmos 1029,StatusRetired,Success
RVSN USSR,"Site 43/4, Plesetsk Cosmodrome, Russia","Tue Aug 22, 1978 23:47 UTC",Molniya-M /Block ML | Molniya-1 n†­76,StatusRetired,Success
General Dynamics,"SLC-36A, Cape Canaveral AFS, Florida, USA","Tue Aug 08, 1978 07:33 UTC",Atlas-SLV3D Centaur-D1AR | Pioneer Venus Multiprobe,StatusRetired,Success
RVSN USSR,"Site 43/3, Plesetsk Cosmodrome, Russia","Sat Aug 05, 1978 15:00 UTC",Soyuz U | Cosmos 1028,StatusRetired,Success
Martin Marietta,"SLC-4W, Vandenberg AFB, California, USA","Sat Aug 05, 1978",Titan III(34)B Agena-D | Quasar 3,StatusRetired,Success
RVSN USSR,"Site 132/2, Plesetsk Cosmodrome, Russia","Thu Jul 27, 1978 04:49 UTC",Cosmos-3M (11K65M) | Cosmos 1027,StatusRetired,Success
RVSN USSR,"Site 43/4, Plesetsk Cosmodrome, Russia","Fri Jul 14, 1978 15:00 UTC",Molniya-M /Block ML | Molniya-1 n†­75,StatusRetired,Success
General Dynamics,"SLC-36B, Cape Canaveral AFS, Florida, USA","Thu Jun 29, 1978 22:24 UTC",Atlas-SLV3D Centaur-D1AR | Comstar D3,StatusRetired,Success
RVSN USSR,"Site 32/2, Plesetsk Cosmodrome, Russia","Wed Jun 28, 1978 17:35 UTC",Tsyklon-3 | Cosmos 1025,StatusRetired,Success
RVSN USSR,"Site 43/3, Plesetsk Cosmodrome, Russia","Wed Jun 28, 1978 02:58 UTC",Molniya-M /Block 2BL | Cosmos 1024,StatusRetired,Success
General Dynamics,"SLC-3W, Vandenberg AFB, California, USA","Tue Jun 27, 1978 01:12 UTC",Atlas-E/F Agena D | Seasat,StatusRetired,Success
RVSN USSR,"Site 132/1, Plesetsk Cosmodrome, Russia","Wed Jun 21, 1978 09:27 UTC",Cosmos-3M (11K65M) | Cosmos 1023,StatusRetired,Success
Martin Marietta,"SLC-4E, Vandenberg AFB, California, USA","Wed Jun 14, 1978 18:28 UTC",Titan IIID | KH-11,StatusRetired,Success
RVSN USSR,"Site 43/3, Plesetsk Cosmodrome, Russia","Mon Jun 12, 1978 10:30 UTC",Soyuz U | Cosmos 1022,StatusRetired,Success
Martin Marietta,"SLC-40, Cape Canaveral AFS, Florida, USA","Sat Jun 10, 1978 19:08 UTC",Titan III(23)C | OPS-9454 (vortex),StatusRetired,Success
RVSN USSR,"Site 31/6, Baikonur Cosmodrome, Kazakhstan","Sat Jun 10, 1978 08:35 UTC",Soyuz U | Cosmos 1021,StatusRetired,Success
RVSN USSR,"Site 132/1, Plesetsk Cosmodrome, Russia","Wed Jun 07, 1978 22:00 UTC",Cosmos-3M (11K65M) | Cosmos 1013 to 1020,StatusRetired,Success
RVSN USSR,"Site 43/3, Plesetsk Cosmodrome, Russia","Fri Jun 02, 1978 12:12 UTC",Molniya-M /Block ML | Molniya-1 n†­74,StatusRetired,Success
RVSN USSR,"Site 132/1, Plesetsk Cosmodrome, Russia","Tue May 23, 1978 16:57 UTC",Cosmos-3M (11K65M) | Cosmos 1011,StatusRetired,Success
RVSN USSR,"Site 43/4, Plesetsk Cosmodrome, Russia","Tue May 23, 1978 07:30 UTC",Soyuz U | Cosmos 1010,StatusRetired,Success
General Dynamics,"SLC-36A, Cape Canaveral AFS, Florida, USA","Sat May 20, 1978 13:13 UTC",Atlas-SLV3D Centaur-D1AR | Pioneer Venus Orbiter,StatusRetired,Success
RVSN USSR,"Site 90/19, Baikonur Cosmodrome, Kazakhstan","Fri May 19, 1978 00:21 UTC",Tsyklon-2 | Cosmos 1009,StatusRetired,Success
RVSN USSR,"Site 132/1, Plesetsk Cosmodrome, Russia","Wed May 17, 1978 14:39 UTC",Cosmos-3M (11K65M) | Cosmos 1008,StatusRetired,Success
RVSN USSR,"Site 43/3, Plesetsk Cosmodrome, Russia","Tue May 16, 1978 10:40 UTC",Soyuz U | Cosmos 1007,StatusRetired,Success
General Dynamics,"SLC-3E, Vandenberg AFB, California, USA","Sat May 13, 1978 10:34 UTC",Atlas-E/F SGS-1 | GPS-2,StatusRetired,Success
RVSN USSR,"Site 132/1, Plesetsk Cosmodrome, Russia","Fri May 12, 1978 11:00 UTC",Cosmos-3M (11K65M) | Cosmos 1006,StatusRetired,Success
RVSN USSR,"Site 43/4, Plesetsk Cosmodrome, Russia","Fri May 12, 1978 04:07 UTC",Vostok-2M | Cosmos 1005,StatusRetired,Success
RVSN USSR,"Site 43/3, Plesetsk Cosmodrome, Russia","Fri May 05, 1978 15:30 UTC",Soyuz U | Cosmos 1004,StatusRetired,Success
RVSN USSR,"Site 43/4, Plesetsk Cosmodrome, Russia","Thu Apr 20, 1978 15:30 UTC",Soyuz U | Cosmos 1003,StatusRetired,Success
CASC,"Site 138 (LA-2B), Jiuquan Satellite Launch Center, China","Sat Apr 15, 1978 16:39 UTC",Feng Bao 1 | DDDS 2,StatusRetired,Success
General Dynamics,"LC-13, Cape Canaveral AFS, Florida, USA","Fri Apr 07, 1978 00:45 UTC",Atlas-SLV3A Agena-D | OPS-8790 (Aquacade-4),StatusRetired,Success
RVSN USSR,"Site 31/6, Baikonur Cosmodrome, Kazakhstan","Thu Apr 06, 1978 09:10 UTC",Soyuz U | Cosmos 1002,StatusRetired,Success
General Dynamics,"SLC-36B, Cape Canaveral AFS, Florida, USA","Fri Mar 31, 1978 23:36 UTC",Atlas-SLV3D Centaur-D1AR | Intelsat 4A F6,StatusRetired,Success
RVSN USSR,"Site 132/1, Plesetsk Cosmodrome, Russia","Fri Mar 31, 1978 14:01 UTC",Cosmos-3M (11K65M) | Cosmos 1000,StatusRetired,Success
RVSN USSR,"Site 31/6, Baikonur Cosmodrome, Kazakhstan","Thu Mar 30, 1978 07:50 UTC",Soyuz U | Cosmos 999,StatusRetired,Success
RVSN USSR,"Site 132/1, Plesetsk Cosmodrome, Russia","Tue Mar 28, 1978 01:30 UTC",Cosmos-3M (11K65M) | Cosmos 996,StatusRetired,Success
Martin Marietta,"SLC-40, Cape Canaveral AFS, Florida, USA","Sat Mar 25, 1978 18:09 UTC",Titan III(23)C | DSCS-II 9&10,StatusRetired,Failure
RVSN USSR,"Site 43/3, Plesetsk Cosmodrome, Russia","Fri Mar 17, 1978 10:50 UTC",Soyuz U | Cosmos 995,StatusRetired,Success
Martin Marietta,"SLC-4E, Vandenberg AFB, California, USA","Thu Mar 16, 1978 18:43 UTC",Titan IIID | KH-9 & SSF-D-2,StatusRetired,Success
RVSN USSR,"Site 132/2, Plesetsk Cosmodrome, Russia","Wed Mar 15, 1978 15:57 UTC",Cosmos-3M (11K65M) | Cosmos 994,StatusRetired,Success
RVSN USSR,"Site 43/3, Plesetsk Cosmodrome, Russia","Fri Mar 10, 1978 10:42 UTC",Soyuz U | Cosmos 993,StatusRetired,Success
RVSN USSR,"Site 31/6, Baikonur Cosmodrome, Kazakhstan","Sat Mar 04, 1978 07:40 UTC",Soyuz U | Cosmos 992,StatusRetired,Success
RVSN USSR,"Site 43/3, Plesetsk Cosmodrome, Russia","Thu Mar 02, 1978 22:07 UTC",Molniya-M /Block ML | Molniya-1 n†­73,StatusRetired,Success
RVSN USSR,"Site 132/2, Plesetsk Cosmodrome, Russia","Tue Feb 28, 1978 06:43 UTC",Cosmos-3M (11K65M) | Cosmos 991,StatusRetired,Success
Martin Marietta,"SLC-4W, Vandenberg AFB, California, USA","Sat Feb 25, 1978 05:00 UTC",Titan III(34)B Agena-D | Jumpseat 5,StatusRetired,Success
General Dynamics,"SLC-3E, Vandenberg AFB, California, USA","Wed Feb 22, 1978 23:44 UTC",Atlas-E/F SGS-1 | GPS-1,StatusRetired,Success
RVSN USSR,"Site 132/2, Plesetsk Cosmodrome, Russia","Fri Feb 17, 1978 16:33 UTC",Cosmos-3M (11K65M) | Cosmos 990,StatusRetired,Success
MHI,"LA-Y1, Tanegashima Space Center, Japan","Thu Feb 16, 1978 04:00 UTC",N-I | Ume 2,StatusRetired,Success
RVSN USSR,"Site 31/6, Baikonur Cosmodrome, Kazakhstan","Tue Feb 14, 1978 09:30 UTC",Soyuz U | Cosmos 989,StatusRetired,Success
General Dynamics,"SLC-36A, Cape Canaveral AFS, Florida, USA","Thu Feb 09, 1978 21:17 UTC",Atlas-SLV3D Centaur-D1AR | FLTSATCOM-1,StatusRetired,Success
RVSN USSR,"Site 43/3, Plesetsk Cosmodrome, Russia","Wed Feb 08, 1978 12:15 UTC",Soyuz U | Cosmos 988,StatusRetired,Success
ISAS,"Mu Pad, Uchinoura Space Center, Japan","Sat Feb 04, 1978 07:00 UTC",Mu-III H | Kyokko,StatusRetired,Success
RVSN USSR,"Site 43/4, Plesetsk Cosmodrome, Russia","Tue Jan 31, 1978 14:50 UTC",Soyuz U | Cosmos 987,StatusRetired,Success
CASC,"Site 138 (LA-2B), Jiuquan Satellite Launch Center, China","Thu Jan 26, 1978 04:58 UTC",Long March 2 | FSW-0 No.3,StatusRetired,Success
RVSN USSR,"Site 31/6, Baikonur Cosmodrome, Kazakhstan","Tue Jan 24, 1978 09:50 UTC",Soyuz U | Cosmos 986,StatusRetired,Success
RVSN USSR,"Site 43/3, Plesetsk Cosmodrome, Russia","Tue Jan 24, 1978 06:51 UTC",Molniya-M /Block ML | Molniya-3 n†­72,StatusRetired,Success
RVSN USSR,"Site 132/1, Plesetsk Cosmodrome, Russia","Tue Jan 17, 1978 03:26 UTC",Cosmos-3M (11K65M) | Cosmos 985,StatusRetired,Success
RVSN USSR,"Site 43/3, Plesetsk Cosmodrome, Russia","Fri Jan 13, 1978 15:15 UTC",Soyuz U | Cosmos 984,StatusRetired,Success
RVSN USSR,"Site 132/2, Plesetsk Cosmodrome, Russia","Tue Jan 10, 1978 20:51 UTC",Cosmos-3M (11K65M) | Cosmos 976 to 983,StatusRetired,Success
RVSN USSR,"Site 43/4, Plesetsk Cosmodrome, Russia","Tue Jan 10, 1978 13:23 UTC",Vostok-2M | Cosmos 975,StatusRetired,Success
General Dynamics,"SLC-36B, Cape Canaveral AFS, Florida, USA","Sat Jan 07, 1978 00:15 UTC",Atlas-SLV3D Centaur-D1AR | Intelsat 4A F3,StatusRetired,Success
RVSN USSR,"Site 43/3, Plesetsk Cosmodrome, Russia","Fri Jan 06, 1978 15:50 UTC",Soyuz U | Cosmos 974,StatusRetired,Success
RVSN USSR,"Site 31/6, Baikonur Cosmodrome, Kazakhstan","Tue Dec 27, 1977 09:20 UTC",Soyuz U | Cosmos 973,StatusRetired,Success
RVSN USSR,"Site 32/2, Plesetsk Cosmodrome, Russia","Tue Dec 27, 1977 08:00 UTC",Tsyklon-3 | Cosmos 972,StatusRetired,Success
RVSN USSR,"Site 132/1, Plesetsk Cosmodrome, Russia","Fri Dec 23, 1977 16:24 UTC",Cosmos-3M (11K65M) | Cosmos 971,StatusRetired,Success
RVSN USSR,"Site 90/20, Baikonur Cosmodrome, Kazakhstan","Wed Dec 21, 1977 10:35 UTC",Tsyklon-2 | Cosmos 970,StatusRetired,Success
RVSN USSR,"Site 43/4, Plesetsk Cosmodrome, Russia","Tue Dec 20, 1977 15:50 UTC",Soyuz U | Cosmos 969,StatusRetired,Success
RVSN USSR,"Site 132/1, Plesetsk Cosmodrome, Russia","Fri Dec 16, 1977 04:25 UTC",Cosmos-3M (11K65M) | Cosmos 968,StatusRetired,Success
RVSN USSR,"Site 43/4, Plesetsk Cosmodrome, Russia","Wed Dec 14, 1977 09:30 UTC",Vostok-2M | Meteor-2 n†­3,StatusRetired,Success
RVSN USSR,"Site 132/2, Plesetsk Cosmodrome, Russia","Tue Dec 13, 1977 15:53 UTC",Cosmos-3M (11K65M) | Cosmos 967,StatusRetired,Success
RVSN USSR,"Site 31/6, Baikonur Cosmodrome, Kazakhstan","Mon Dec 12, 1977 09:40 UTC",Soyuz U | Cosmos 966,StatusRetired,Success
General Dynamics,"LC-13, Cape Canaveral AFS, Florida, USA","Sun Dec 11, 1977 22:45 UTC",Atlas-SLV3A Agena-D | OPS-4258 (Aquacade-3),StatusRetired,Success
RVSN USSR,"Site 1/5, Baikonur Cosmodrome, Kazakhstan","Sat Dec 10, 1977 01:18 UTC",Soyuz U | Soyuz 26,StatusRetired,Success
General Dynamics,"SLC-3W, Vandenberg AFB, California, USA","Thu Dec 08, 1977 17:45 UTC",Atlas-E/F MSD | NOSS-2,StatusRetired,Success
RVSN USSR,"Site 132/2, Plesetsk Cosmodrome, Russia","Thu Dec 08, 1977 11:00 UTC",Cosmos-3M (11K65M) | Cosmos 965,StatusRetired,Success
RVSN USSR,"Site 43/4, Plesetsk Cosmodrome, Russia","Sun Dec 04, 1977 12:00 UTC",Soyuz U | Cosmos 964,StatusRetired,Success
RVSN USSR,"Site 132/1, Plesetsk Cosmodrome, Russia","Tue Nov 29, 1977 07:05 UTC",Cosmos-3M (11K65M) | Tsikada n†­3,StatusRetired,Failure
RVSN USSR,"Site 132/1, Plesetsk Cosmodrome, Russia","Thu Nov 24, 1977 14:30 UTC",Cosmos-3M (11K65M) | Cosmos 963,StatusRetired,Success
RVSN USSR,"Site 132/1, Plesetsk Cosmodrome, Russia","Fri Oct 28, 1977 16:00 UTC",Cosmos-3M (11K65M) | Cosmos 962,StatusRetired,Success
RVSN USSR,"Site 43/3, Plesetsk Cosmodrome, Russia","Fri Oct 28, 1977 01:37 UTC",Molniya-M /Block ML | Molniya-3 n†­71,StatusRetired,Success
RVSN USSR,"Site 90/20, Baikonur Cosmodrome, Kazakhstan","Wed Oct 26, 1977 05:14 UTC",Tsyklon-2 | Cosmos 961,StatusRetired,Success
RVSN USSR,"Site 132/1, Plesetsk Cosmodrome, Russia","Tue Oct 25, 1977 05:25 UTC",Cosmos-3M (11K65M) | Cosmos 960,StatusRetired,Success
RVSN USSR,"Site 132/1, Plesetsk Cosmodrome, Russia","Fri Oct 21, 1977 10:05 UTC",Cosmos-3M (11K65M) | Cosmos 959,StatusRetired,Success
RVSN USSR,"Site 43/4, Plesetsk Cosmodrome, Russia","Tue Oct 11, 1977 15:14 UTC",Soyuz U | Cosmos 958,StatusRetired,Success
RVSN USSR,"Site 1/5, Baikonur Cosmodrome, Kazakhstan","Sun Oct 09, 1977 02:40 UTC",Soyuz U | Soyuz 25,StatusRetired,Success
RVSN USSR,"Site 31/6, Baikonur Cosmodrome, Kazakhstan","Fri Sep 30, 1977 09:46 UTC",Soyuz U | Cosmos 957,StatusRetired,Success
General Dynamics,"SLC-36A, Cape Canaveral AFS, Florida, USA","Fri Sep 30, 1977 01:02 UTC",Atlas-SLV3D Centaur-D1AR | Intelsat 4A F5,StatusRetired,Failure
RVSN USSR,"Site 132/1, Plesetsk Cosmodrome, Russia","Sat Sep 24, 1977",Cosmos-3M (11K65M) | Intercosmos-17,StatusRetired,Success
RVSN USSR,"Site 32/2, Plesetsk Cosmodrome, Russia","Sat Sep 24, 1977 10:15 UTC",Tsyklon-3 | Cosmos 956,StatusRetired,Success
US Air Force,"SLC-4W, Vandenberg AFB, California, USA","Fri Sep 23, 1977 18:34 UTC",Titan III(24)B | OPS 7471,StatusRetired,Success
RVSN USSR,"Site 31/6, Baikonur Cosmodrome, Kazakhstan","Thu Sep 22, 1977",Molniya-M /Block SO-L | Prognoz n†­6,StatusRetired,Success
RVSN USSR,"Site 43/4, Plesetsk Cosmodrome, Russia","Tue Sep 20, 1977 01:00 UTC",Vostok-2M | Cosmos 955,StatusRetired,Success
RVSN USSR,"Site 90/20, Baikonur Cosmodrome, Kazakhstan","Sun Sep 18, 1977 13:48 UTC",Tsyklon-2 | Cosmos 954,StatusRetired,Success
RVSN USSR,"Site 43/3, Plesetsk Cosmodrome, Russia","Fri Sep 16, 1977 14:30 UTC",Soyuz U | Cosmos 953,StatusRetired,Success
RVSN USSR,"Site 90/20, Baikonur Cosmodrome, Kazakhstan","Fri Sep 16, 1977 14:25 UTC",Tsyklon-2 | Cosmos 952,StatusRetired,Success
CASC,"Site 138 (LA-2B), Jiuquan Satellite Launch Center, China","Wed Sep 14, 1977 00:15 UTC",Feng Bao 1 | DDDS 1,StatusRetired,Success
RVSN USSR,"Site 132/1, Plesetsk Cosmodrome, Russia","Tue Sep 13, 1977 19:59 UTC",Cosmos-3M (11K65M) | Cosmos 951,StatusRetired,Success
RVSN USSR,"Site 43/3, Plesetsk Cosmodrome, Russia","Tue Sep 13, 1977 15:10 UTC",Soyuz U | Cosmos 950,StatusRetired,Success
RVSN USSR,"Site 43/3, Plesetsk Cosmodrome, Russia","Tue Sep 06, 1977 17:30 UTC",Soyuz U | Cosmos 949,StatusRetired,Success
Martin Marietta,"SLC-41, Cape Canaveral AFS, Florida, USA","Mon Sep 05, 1977 12:56 UTC",Titan IIIE | Voyager 1,StatusRetired,Success
RVSN USSR,"Site 43/4, Plesetsk Cosmodrome, Russia","Fri Sep 02, 1977 09:00 UTC",Soyuz U | Cosmos 948,StatusRetired,Success
RVSN USSR,"Site 43/3, Plesetsk Cosmodrome, Russia","Tue Aug 30, 1977 18:06 UTC",Molniya-M /Block ML | Molniya-1 n†­70,StatusRetired,Success
RVSN USSR,"Site 43/4, Plesetsk Cosmodrome, Russia","Sat Aug 27, 1977 10:09 UTC",Soyuz U | Cosmos 947,StatusRetired,Success
RVSN USSR,"Site 132/1, Plesetsk Cosmodrome, Russia","Wed Aug 24, 1977 18:20 UTC",Cosmos-3M (11K65M) | Cosmos 939 to 946,StatusRetired,Success
RVSN USSR,"Site 43/4, Plesetsk Cosmodrome, Russia","Wed Aug 24, 1977 14:29 UTC",Soyuz U | Cosmos 938,StatusRetired,Success
RVSN USSR,"Site 90/20, Baikonur Cosmodrome, Kazakhstan","Wed Aug 24, 1977 07:07 UTC",Tsyklon-2 | Cosmos 937,StatusRetired,Success
Martin Marietta,"SLC-41, Cape Canaveral AFS, Florida, USA","Sat Aug 20, 1977 14:29 UTC",Titan IIIE | Voyager 2,StatusRetired,Success
General Dynamics,"SLC-36B, Cape Canaveral AFS, Florida, USA","Fri Aug 12, 1977 06:29 UTC",Atlas-SLV3D Centaur-D1AR | HEAO-1,StatusRetired,Success
RVSN USSR,"Site 31/6, Baikonur Cosmodrome, Kazakhstan","Wed Aug 10, 1977 10:40 UTC",Soyuz U | Zenit-4MKM n†­399,StatusRetired,Failure
RVSN USSR,"Site 43/3, Plesetsk Cosmodrome, Russia","Wed Aug 03, 1977 14:01 UTC",Soyuz U | Cosmos 936,StatusRetired,Success
RVSN USSR,"Site 43/4, Plesetsk Cosmodrome, Russia","Fri Jul 29, 1977 08:00 UTC",Soyuz U | Cosmos 935,StatusRetired,Success
RVSN USSR,"Site 43/4, Plesetsk Cosmodrome, Russia","Wed Jul 27, 1977 18:07 UTC",Soyuz U | Cosmos 934,StatusRetired,Success
RVSN USSR,"Site 132/1, Plesetsk Cosmodrome, Russia","Fri Jul 22, 1977 10:00 UTC",Cosmos-3M (11K65M) | Cosmos 933,StatusRetired,Success
RVSN USSR,"Site 31/6, Baikonur Cosmodrome, Kazakhstan","Wed Jul 20, 1977 07:35 UTC",Soyuz U | Cosmos 932,StatusRetired,Success
RVSN USSR,"Site 43/4, Plesetsk Cosmodrome, Russia","Wed Jul 20, 1977 04:44 UTC",Molniya-M /Block 2BL | Cosmos 931,StatusRetired,Success
RVSN USSR,"Site 132/2, Plesetsk Cosmodrome, Russia","Tue Jul 19, 1977 08:40 UTC",Cosmos-3M (11K65M) | Cosmos 930,StatusRetired,Success
RVSN USSR,"Site 132/1, Plesetsk Cosmodrome, Russia","Wed Jul 13, 1977 05:02 UTC",Cosmos-3M (11K65M) | Cosmos 928,StatusRetired,Success
RVSN USSR,"Site 43/4, Plesetsk Cosmodrome, Russia","Tue Jul 12, 1977 09:00 UTC",Soyuz U | Cosmos 927,StatusRetired,Success
RVSN USSR,"Site 132/2, Plesetsk Cosmodrome, Russia","Fri Jul 08, 1977 17:30 UTC",Cosmos-3M (11K65M) | Cosmos 926,StatusRetired,Success
RVSN USSR,"Site 43/4, Plesetsk Cosmodrome, Russia","Thu Jul 07, 1977 07:25 UTC",Vostok-2M | Cosmos 925,StatusRetired,Success
RVSN USSR,"Site 132/2, Plesetsk Cosmodrome, Russia","Mon Jul 04, 1977 22:20 UTC",Cosmos-3M (11K65M) | Cosmos 924,StatusRetired,Success
RVSN USSR,"Site 132/1, Plesetsk Cosmodrome, Russia","Fri Jul 01, 1977 11:52 UTC",Cosmos-3M (11K65M) | Cosmos 923,StatusRetired,Success
RVSN USSR,"Site 43/4, Plesetsk Cosmodrome, Russia","Thu Jun 30, 1977 14:00 UTC",Soyuz U | Cosmos 922,StatusRetired,Success
RVSN USSR,"Site 31/6, Baikonur Cosmodrome, Kazakhstan","Wed Jun 29, 1977 18:34 UTC",Vostok-2M | Meteor-Priroda n†­2,StatusRetired,Success
Martin Marietta,"SLC-4E, Vandenberg AFB, California, USA","Mon Jun 27, 1977 18:30 UTC",Titan IIID | KH-9,StatusRetired,Success
RVSN USSR,"Site 32/2, Plesetsk Cosmodrome, Russia","Fri Jun 24, 1977 10:30 UTC",Tsyklon-3 | Cosmos 921,StatusRetired,Success
RVSN USSR,"Site 1/5, Baikonur Cosmodrome, Kazakhstan","Fri Jun 24, 1977 05:41 UTC",Molniya-M /Block ML | Molniya-1 n†­69,StatusRetired,Success
General Dynamics,"SLC-3W, Vandenberg AFB, California, USA","Thu Jun 23, 1977 09:16 UTC",Atlas-E/F SGS-1 | NTS-2,StatusRetired,Success
RVSN USSR,"Site 31/6, Baikonur Cosmodrome, Kazakhstan","Wed Jun 22, 1977 08:00 UTC",Soyuz U | Cosmos 920,StatusRetired,Success
RVSN USSR,"Site 133/3, Plesetsk Cosmodrome, Russia","Sat Jun 18, 1977 10:30 UTC",Cosmos-2I (63SM) | Cosmos 919,StatusRetired,Success
RVSN USSR,"Site 90/20, Baikonur Cosmodrome, Kazakhstan","Fri Jun 17, 1977 07:23 UTC",Tsyklon-2 | Cosmos 918,StatusRetired,Success
RVSN USSR,"Site 107/1, Kapustin Yar, Russia","Fri Jun 17, 1977 03:30 UTC",Cosmos-3M (11K65M) | Signe 3,StatusRetired,Success
RVSN USSR,"Site 43/4, Plesetsk Cosmodrome, Russia","Thu Jun 16, 1977 01:58 UTC",Molniya-M /Block 2BL | Cosmos 917,StatusRetired,Success
RVSN USSR,"Site 43/3, Plesetsk Cosmodrome, Russia","Fri Jun 10, 1977 08:00 UTC",Soyuz U | Cosmos 916,StatusRetired,Success
RVSN USSR,"Site 43/4, Plesetsk Cosmodrome, Russia","Wed Jun 08, 1977 14:00 UTC",Soyuz U | Cosmos 915,StatusRetired,Success
RVSN USSR,"Site 31/6, Baikonur Cosmodrome, Kazakhstan","Tue May 31, 1977 07:30 UTC",Soyuz U | Cosmos 914,StatusRetired,Success
RVSN USSR,"Site 132/1, Plesetsk Cosmodrome, Russia","Mon May 30, 1977 22:30 UTC",Cosmos-3M (11K65M) | Cosmos 913,StatusRetired,Success
General Dynamics,"SLC-36A, Cape Canaveral AFS, Florida, USA","Thu May 26, 1977 21:47 UTC",Atlas-SLV3D Centaur-D1AR | Intelsat 4A F4,StatusRetired,Success
RVSN USSR,"Site 43/4, Plesetsk Cosmodrome, Russia","Thu May 26, 1977 07:00 UTC",Soyuz U | Cosmos 912,StatusRetired,Success
RVSN USSR,"Site 132/2, Plesetsk Cosmodrome, Russia","Wed May 25, 1977 11:00 UTC",Cosmos-3M (11K65M) | Cosmos 911,StatusRetired,Success
General Dynamics,"LC-13, Cape Canaveral AFS, Florida, USA","Mon May 23, 1977 18:13 UTC",Atlas-SLV3A Agena-D | AFP-827 (Canyon-7),StatusRetired,Success
RVSN USSR,"Site 90/20, Baikonur Cosmodrome, Kazakhstan","Mon May 23, 1977 12:14 UTC",Tsyklon-2 | Cosmos 910,StatusRetired,Success
RVSN USSR,"Site 132/2, Plesetsk Cosmodrome, Russia","Thu May 19, 1977 16:30 UTC",Cosmos-3M (11K65M) | Cosmos 909,StatusRetired,Success
RVSN USSR,"Site 31/6, Baikonur Cosmodrome, Kazakhstan","Tue May 17, 1977 10:10 UTC",Soyuz U | Cosmos 908,StatusRetired,Success
Martin Marietta,"SLC-40, Cape Canaveral AFS, Florida, USA","Thu May 12, 1977 14:27 UTC",Titan III(23)C | DSCS-II 7&8,StatusRetired,Success
RVSN USSR,"Site 43/3, Plesetsk Cosmodrome, Russia","Thu May 05, 1977 14:00 UTC",Soyuz U | Cosmos 907,StatusRetired,Success
RVSN USSR,"Site 43/4, Plesetsk Cosmodrome, Russia","Thu Apr 28, 1977 09:10 UTC",Molniya-M /Block ML | Molniya-3 n†­68,StatusRetired,Success
RVSN USSR,"Site 107/1, Kapustin Yar, Russia","Wed Apr 27, 1977",Cosmos-3M (11K65M) | Cosmos 906,StatusRetired,Success
RVSN USSR,"Site 43/3, Plesetsk Cosmodrome, Russia","Tue Apr 26, 1977 14:45 UTC",Soyuz U | Cosmos 905,StatusRetired,Success
RVSN USSR,"Site 31/6, Baikonur Cosmodrome, Kazakhstan","Wed Apr 20, 1977 09:00 UTC",Soyuz U | Cosmos 904,StatusRetired,Success
RVSN USSR,"Site 43/3, Plesetsk Cosmodrome, Russia","Mon Apr 11, 1977 01:38 UTC",Molniya-M /Block 2BL | Cosmos 903,StatusRetired,Success
RVSN USSR,"Site 43/4, Plesetsk Cosmodrome, Russia","Thu Apr 07, 1977 08:59 UTC",Soyuz U | Cosmos 902,StatusRetired,Success
RVSN USSR,"Site 133/3, Plesetsk Cosmodrome, Russia","Tue Apr 05, 1977 10:30 UTC",Cosmos-2I (63SM) | Cosmos 901,StatusRetired,Success
RVSN USSR,"Site 43/3, Plesetsk Cosmodrome, Russia","Tue Apr 05, 1977 02:05 UTC",Vostok-2M | Meteor n†­37,StatusRetired,Success
RVSN USSR,"Site 132/2, Plesetsk Cosmodrome, Russia","Tue Mar 29, 1977",Cosmos-3M (11K65M) | Cosmos 900,StatusRetired,Success
RVSN USSR,"Site 132/2, Plesetsk Cosmodrome, Russia","Thu Mar 24, 1977 22:11 UTC",Cosmos-3M (11K65M) | Cosmos 899,StatusRetired,Success
RVSN USSR,"Site 43/4, Plesetsk Cosmodrome, Russia","Thu Mar 24, 1977 11:51 UTC",Molniya-M /Block ML | Molniya-1 n†­67,StatusRetired,Success
RVSN USSR,"Site 43/3, Plesetsk Cosmodrome, Russia","Thu Mar 17, 1977 08:30 UTC",Soyuz U | Cosmos 898,StatusRetired,Success
US Air Force,"SLC-4W, Vandenberg AFB, California, USA","Sun Mar 13, 1977 18:41 UTC",Titan III(24)B | OPS 4915,StatusRetired,Success
RVSN USSR,"Site 43/3, Plesetsk Cosmodrome, Russia","Thu Mar 10, 1977 11:00 UTC",Soyuz U | Cosmos 897,StatusRetired,Success
RVSN USSR,"Site 43/4, Plesetsk Cosmodrome, Russia","Thu Mar 03, 1977 10:30 UTC",Soyuz U | Cosmos 896,StatusRetired,Success
RVSN USSR,"Site 43/4, Plesetsk Cosmodrome, Russia","Sat Feb 26, 1977 21:18 UTC",Vostok-2M | Cosmos 895,StatusRetired,Success
MHI,"LA-Y1, Tanegashima Space Center, Japan","Wed Feb 23, 1977 08:50 UTC",N-I Star-37E | Kiku 2,StatusRetired,Success
RVSN USSR,"Site 31/6, Baikonur Cosmodrome, Kazakhstan","Tue Feb 22, 1977 09:19 UTC",Soyuz U | Zenit-4MK n†­381,StatusRetired,Failure
RVSN USSR,"Site 132/1, Plesetsk Cosmodrome, Russia","Mon Feb 21, 1977 17:20 UTC",Cosmos-3M (11K65M) | Cosmos 894,StatusRetired,Success
ISAS,"Mu Pad, Uchinoura Space Center, Japan","Sat Feb 19, 1977 05:15 UTC",Mu-III H | Tansei 3,StatusRetired,Success
RVSN USSR,"Site 132/2, Plesetsk Cosmodrome, Russia","Tue Feb 15, 1977",Cosmos-3M (11K65M) | Cosmos 893,StatusRetired,Success
RVSN USSR,"Site 43/4, Plesetsk Cosmodrome, Russia","Fri Feb 11, 1977 14:57 UTC",Molniya-M /Block ML | Molniya-2 n†­66,StatusRetired,Success
RVSN USSR,"Site 43/3, Plesetsk Cosmodrome, Russia","Wed Feb 09, 1977 11:30 UTC",Soyuz U | Cosmos 892,StatusRetired,Success
RVSN USSR,"Site 1/5, Baikonur Cosmodrome, Kazakhstan","Mon Feb 07, 1977 16:11 UTC",Soyuz U | Soyuz 24,StatusRetired,Success
Martin Marietta,"SLC-40, Cape Canaveral AFS, Florida, USA","Sun Feb 06, 1977 06:00 UTC",Titan III(23)C | DSP-7,StatusRetired,Success
RVSN USSR,"Site 132/2, Plesetsk Cosmodrome, Russia","Wed Feb 02, 1977 12:30 UTC",Cosmos-3M (11K65M) | Cosmos 891,StatusRetired,Success
RVSN USSR,"Site 132/1, Plesetsk Cosmodrome, Russia","Thu Jan 20, 1977 20:05 UTC",Cosmos-3M (11K65M) | Cosmos 890,StatusRetired,Success
RVSN USSR,"Site 31/6, Baikonur Cosmodrome, Kazakhstan","Thu Jan 20, 1977 08:30 UTC",Soyuz U | Cosmos 889,StatusRetired,Success
RVSN USSR,"Site 43/4, Plesetsk Cosmodrome, Russia","Thu Jan 06, 1977 23:17 UTC",Vostok-2M | Meteor-2 n†­2,StatusRetired,Success
RVSN USSR,"Site 31/6, Baikonur Cosmodrome, Kazakhstan","Thu Jan 06, 1977 09:40 UTC",Soyuz U | Cosmos 888,StatusRetired,Success
RVSN USSR,"Site 132/1, Plesetsk Cosmodrome, Russia","Tue Dec 28, 1976 07:49 UTC",Cosmos-3M (11K65M) | Cosmos 887,StatusRetired,Success
RVSN USSR,"Site 43/4, Plesetsk Cosmodrome, Russia","Tue Dec 28, 1976 06:38 UTC",Molniya-M /Block ML | Molniya-3 n†­65,StatusRetired,Success
RVSN USSR,"Site 90/19, Baikonur Cosmodrome, Kazakhstan","Mon Dec 27, 1976 12:05 UTC",Tsyklon-2 | Cosmos 886,StatusRetired,Success
Martin Marietta,"SLC-4E, Vandenberg AFB, California, USA","Sun Dec 19, 1976 18:19 UTC",Titan IIID | KH-11,StatusRetired,Success
RVSN USSR,"Site 132/2, Plesetsk Cosmodrome, Russia","Fri Dec 17, 1976 12:00 UTC",Cosmos-3M (11K65M) | Cosmos 885,StatusRetired,Success
RVSN USSR,"Site 31/6, Baikonur Cosmodrome, Kazakhstan","Fri Dec 17, 1976 09:30 UTC",Soyuz U | Cosmos 884,StatusRetired,Success
RVSN USSR,"Site 132/1, Plesetsk Cosmodrome, Russia","Thu Dec 16, 1976 10:23 UTC",Cosmos-3M (11K65M) | Cosmos 871 to 878,StatusRetired,Success
RVSN USSR,"Site 132/1, Plesetsk Cosmodrome, Russia","Wed Dec 15, 1976 13:59 UTC",Cosmos-3M (11K65M) | Cosmos 883,StatusRetired,Success
RVSN USSR,"Site 132/2, Plesetsk Cosmodrome, Russia","Thu Dec 09, 1976 20:00 UTC",Cosmos-3M (11K65M) | Cosmos 880,StatusRetired,Success
RVSN USSR,"Site 43/4, Plesetsk Cosmodrome, Russia","Thu Dec 09, 1976 10:00 UTC",Soyuz U | Cosmos 879,StatusRetired,Success
CASC,"Site 138 (LA-2B), Jiuquan Satellite Launch Center, China","Tue Dec 07, 1976 04:38 UTC",Long March 2 | FSW-0 No.2,StatusRetired,Success
RVSN USSR,"Site 43/4, Plesetsk Cosmodrome, Russia","Thu Dec 02, 1976 02:44 UTC",Molniya-M /Block ML | Molniya-2 n†­64,StatusRetired,Success
RVSN USSR,"Site 132/2, Plesetsk Cosmodrome, Russia","Thu Dec 02, 1976 00:17 UTC",Cosmos-3M (11K65M) | Cosmos 870,StatusRetired,Success
RVSN USSR,"Site 1/5, Baikonur Cosmodrome, Kazakhstan","Mon Nov 29, 1976 16:04 UTC",Soyuz U | Cosmos 869,StatusRetired,Success
RVSN USSR,"Site 90/20, Baikonur Cosmodrome, Kazakhstan","Fri Nov 26, 1976 14:30 UTC",Tsyklon-2 | Cosmos 868,StatusRetired,Success
RVSN USSR,"Site 31/6, Baikonur Cosmodrome, Kazakhstan","Thu Nov 25, 1976",Molniya-M /Block SO-L | Prognoz n†­5,StatusRetired,Success
RVSN USSR,"Site 43/4, Plesetsk Cosmodrome, Russia","Tue Nov 23, 1976 16:27 UTC",Soyuz U | Cosmos 867,StatusRetired,Success
RVSN USSR,"Site 31/6, Baikonur Cosmodrome, Kazakhstan","Thu Nov 11, 1976 10:45 UTC",Soyuz U | Cosmos 866,StatusRetired,Success
CASC,"Site 138 (LA-2B), Jiuquan Satellite Launch Center, China","Wed Nov 10, 1976 09:05 UTC",Feng Bao 1 | JSSW-6,StatusRetired,Failure
RVSN USSR,"Site 43/4, Plesetsk Cosmodrome, Russia","Mon Nov 01, 1976 11:20 UTC",Soyuz U | Cosmos 865,StatusRetired,Success
RVSN USSR,"Site 132/2, Plesetsk Cosmodrome, Russia","Fri Oct 29, 1976 12:39 UTC",Cosmos-3M (11K65M) | Cosmos 864,StatusRetired,Success
RVSN USSR,"Site 43/4, Plesetsk Cosmodrome, Russia","Mon Oct 25, 1976 14:30 UTC",Soyuz U | Cosmos 863,StatusRetired,Success
RVSN USSR,"Site 43/4, Plesetsk Cosmodrome, Russia","Fri Oct 22, 1976 09:11 UTC",Molniya-M /Block 2BL | Cosmos 862,StatusRetired,Success
RVSN USSR,"Site 90/19, Baikonur Cosmodrome, Kazakhstan","Thu Oct 21, 1976 16:53 UTC",Tsyklon-2 | Cosmos 861,StatusRetired,Success
RVSN USSR,"Site 90/19, Baikonur Cosmodrome, Kazakhstan","Sun Oct 17, 1976 18:06 UTC",Tsyklon-2 | Cosmos 860,StatusRetired,Success
RVSN USSR,"Site 43/3, Plesetsk Cosmodrome, Russia","Fri Oct 15, 1976 22:59 UTC",Vostok-2M | Meteor n†­36,StatusRetired,Success
RVSN USSR,"Site 1/5, Baikonur Cosmodrome, Kazakhstan","Thu Oct 14, 1976 17:39 UTC",Soyuz | Soyuz 23,StatusRetired,Success
RVSN USSR,"Site 31/6, Baikonur Cosmodrome, Kazakhstan","Sun Oct 10, 1976 09:35 UTC",Soyuz U | Cosmos 859,StatusRetired,Success
RVSN USSR,"Site 43/4, Plesetsk Cosmodrome, Russia","Mon Oct 04, 1976 11:00 UTC",Soyuz U | Zenit-4MKT n†­370,StatusRetired,Failure
RVSN USSR,"Site 132/2, Plesetsk Cosmodrome, Russia","Wed Sep 29, 1976 07:04 UTC",Cosmos-3M (11K65M) | Cosmos 858,StatusRetired,Success
RVSN USSR,"Site 43/3, Plesetsk Cosmodrome, Russia","Fri Sep 24, 1976 15:00 UTC",Soyuz U | Cosmos 857,StatusRetired,Success
RVSN USSR,"Site 31/6, Baikonur Cosmodrome, Kazakhstan","Wed Sep 22, 1976 09:30 UTC",Soyuz U | Cosmos 856,StatusRetired,Success
RVSN USSR,"Site 43/3, Plesetsk Cosmodrome, Russia","Tue Sep 21, 1976 11:40 UTC",Soyuz U | Cosmos 855,StatusRetired,Success
US Air Force,"SLC-4W, Vandenberg AFB, California, USA","Wed Sep 15, 1976 18:50 UTC",Titan III(24)B | OPS 8533,StatusRetired,Success
RVSN USSR,"Site 1/5, Baikonur Cosmodrome, Kazakhstan","Wed Sep 15, 1976 09:48 UTC",Soyuz U | Soyuz 22,StatusRetired,Success
RVSN USSR,"Site 43/4, Plesetsk Cosmodrome, Russia","Fri Sep 03, 1976 09:20 UTC",Soyuz U | Cosmos 854,StatusRetired,Success
RVSN USSR,"Site 43/3, Plesetsk Cosmodrome, Russia","Wed Sep 01, 1976 03:23 UTC",Molniya-M /Block ML | Cosmos 853,StatusRetired,Partial Failure
CASC,"Site 138 (LA-2B), Jiuquan Satellite Launch Center, China","Mon Aug 30, 1976 11:45 UTC",Feng Bao 1 | JSSW-5,StatusRetired,Success
RVSN USSR,"Site 31/6, Baikonur Cosmodrome, Kazakhstan","Sat Aug 28, 1976 09:00 UTC",Soyuz U | Cosmos 852,StatusRetired,Success
RVSN USSR,"Site 43/4, Plesetsk Cosmodrome, Russia","Fri Aug 27, 1976 14:34 UTC",Vostok-2M | Cosmos 851,StatusRetired,Success
RVSN USSR,"Site 133/3, Plesetsk Cosmodrome, Russia","Thu Aug 26, 1976 11:00 UTC",Cosmos-2I (63SM) | Cosmos 850,StatusRetired,Success
RVSN USSR,"Site 133/3, Plesetsk Cosmodrome, Russia","Wed Aug 18, 1976 09:30 UTC",Cosmos-2I (63SM) | Cosmos 849,StatusRetired,Success
RVSN USSR,"Site 43/3, Plesetsk Cosmodrome, Russia","Thu Aug 12, 1976 13:30 UTC",Soyuz U | Cosmos 848,StatusRetired,Success
Martin Marietta,"SLC-4W, Vandenberg AFB, California, USA","Fri Aug 06, 1976",Titan III(34)B Agena-D | Quasar 2,StatusRetired,Success
RVSN USSR,"Site 43/4, Plesetsk Cosmodrome, Russia","Wed Aug 04, 1976 13:40 UTC",Soyuz U | Cosmos 847,StatusRetired,Success
RVSN USSR,"Site 132/1, Plesetsk Cosmodrome, Russia","Thu Jul 29, 1976 20:02 UTC",Cosmos-3M (11K65M) | Cosmos 846,StatusRetired,Success
RVSN USSR,"Site 132/2, Plesetsk Cosmodrome, Russia","Tue Jul 27, 1976 12:00 UTC",Cosmos-3M (11K65M) | Intercosmos-16,StatusRetired,Success
RVSN USSR,"Site 132/1, Plesetsk Cosmodrome, Russia","Tue Jul 27, 1976 05:21 UTC",Cosmos-3M (11K65M) | Cosmos 845,StatusRetired,Success
RVSN USSR,"Site 1/5, Baikonur Cosmodrome, Kazakhstan","Fri Jul 23, 1976 15:49 UTC",Molniya-M /Block ML | Molniya-1 n†­62,StatusRetired,Success
General Dynamics,"SLC-36B, Cape Canaveral AFS, Florida, USA","Thu Jul 22, 1976 22:04 UTC",Atlas-SLV3D Centaur-D1AR | Comstar D2,StatusRetired,Success
RVSN USSR,"Site 43/3, Plesetsk Cosmodrome, Russia","Thu Jul 22, 1976 15:40 UTC",Soyuz U | Cosmos 844,StatusRetired,Success
RVSN USSR,"Site 90/19, Baikonur Cosmodrome, Kazakhstan","Wed Jul 21, 1976 15:14 UTC",Tsyklon-2 | Cosmos 843,StatusRetired,Success
RVSN USSR,"Site 132/1, Plesetsk Cosmodrome, Russia","Wed Jul 21, 1976 10:20 UTC",Cosmos-3M (11K65M) | Cosmos 842,StatusRetired,Success
RVSN USSR,"Site 132/1, Plesetsk Cosmodrome, Russia","Thu Jul 15, 1976 13:11 UTC",Cosmos-3M (11K65M) | Cosmos 841,StatusRetired,Success
RVSN USSR,"Site 43/4, Plesetsk Cosmodrome, Russia","Wed Jul 14, 1976 09:00 UTC",Soyuz U | Cosmos 840,StatusRetired,Success
RVSN USSR,"Site 132/1, Plesetsk Cosmodrome, Russia","Thu Jul 08, 1976 21:08 UTC",Cosmos-3M (11K65M) | Cosmos 839,StatusRetired,Success
Martin Marietta,"SLC-4E, Vandenberg AFB, California, USA","Thu Jul 08, 1976 18:30 UTC","Titan IIID | KH-9, S3 & SSF-D-1",StatusRetired,Success
RVSN USSR,"Site 1/5, Baikonur Cosmodrome, Kazakhstan","Tue Jul 06, 1976 12:08 UTC",Soyuz | Soyuz 21,StatusRetired,Success
RVSN USSR,"Site 90/19, Baikonur Cosmodrome, Kazakhstan","Fri Jul 02, 1976 10:30 UTC",Tsyklon-2 | Cosmos 838,StatusRetired,Success
RVSN USSR,"Site 43/4, Plesetsk Cosmodrome, Russia","Thu Jul 01, 1976 08:05 UTC",Molniya-M /Block ML | Cosmos 837,StatusRetired,Partial Failure
RVSN USSR,"Site 132/2, Plesetsk Cosmodrome, Russia","Tue Jun 29, 1976 08:12 UTC",Cosmos-3M (11K65M) | Cosmos 836,StatusRetired,Success
RVSN USSR,"Site 31/6, Baikonur Cosmodrome, Kazakhstan","Tue Jun 29, 1976 07:20 UTC",Voskhod | Cosmos 835,StatusRetired,Success
Martin Marietta,"SLC-40, Cape Canaveral AFS, Florida, USA","Sat Jun 26, 1976 03:00 UTC",Titan III(23)C | DSP-6,StatusRetired,Success
RVSN USSR,"Site 43/3, Plesetsk Cosmodrome, Russia","Thu Jun 24, 1976 07:10 UTC",Soyuz U | Cosmos 834,StatusRetired,Success
RVSN USSR,"Site 132/1, Plesetsk Cosmodrome, Russia","Sat Jun 19, 1976",Cosmos-3M (11K65M) | Intercosmos-15,StatusRetired,Success
RVSN USSR,"Site 43/3, Plesetsk Cosmodrome, Russia","Wed Jun 16, 1976 13:09 UTC",Voskhod | Cosmos 833,StatusRetired,Success
RVSN USSR,"Site 132/2, Plesetsk Cosmodrome, Russia","Tue Jun 15, 1976 13:19 UTC",Cosmos-3M (11K65M) | Cosmos 825 to 832,StatusRetired,Success
RVSN USSR,"Site 31/6, Baikonur Cosmodrome, Kazakhstan","Tue Jun 08, 1976 07:00 UTC",Voskhod | Cosmos 824,StatusRetired,Success
RVSN USSR,"Site 132/2, Plesetsk Cosmodrome, Russia","Wed Jun 02, 1976 22:30 UTC",Cosmos-3M (11K65M) | Cosmos 823,StatusRetired,Success
Martin Marietta,"SLC-4W, Vandenberg AFB, California, USA","Wed Jun 02, 1976",Titan III(34)B Agena-D | Quasar 1,StatusRetired,Success
RVSN USSR,"Site 43/3, Plesetsk Cosmodrome, Russia","Wed May 26, 1976 09:00 UTC",Voskhod | Cosmos 821,StatusRetired,Success
RVSN USSR,"Site 43/3, Plesetsk Cosmodrome, Russia","Fri May 21, 1976 07:00 UTC",Soyuz U | Cosmos 820,StatusRetired,Success
RVSN USSR,"Site 31/6, Baikonur Cosmodrome, Kazakhstan","Thu May 20, 1976 09:00 UTC",Voskhod | Cosmos 819,StatusRetired,Success
RVSN USSR,"Site 133/3, Plesetsk Cosmodrome, Russia","Tue May 18, 1976 11:00 UTC",Cosmos-2I (63SM) | Cosmos 818,StatusRetired,Success
RVSN USSR,"Site 43/3, Plesetsk Cosmodrome, Russia","Sat May 15, 1976 13:30 UTC",Vostok-2M | Meteor n†­35,StatusRetired,Success
General Dynamics,"SLC-36A, Cape Canaveral AFS, Florida, USA","Thu May 13, 1976 22:28 UTC",Atlas-SLV3D Centaur-D1AR | Comstar D1,StatusRetired,Success
RVSN USSR,"Site 41/1, Plesetsk Cosmodrome, Russia","Wed May 12, 1976 17:57 UTC",Molniya-M /Block ML | Molniya-3 n†­60,StatusRetired,Success
RVSN USSR,"Site 132/1, Plesetsk Cosmodrome, Russia","Sat May 08, 1976 15:00 UTC",Cosmos-3M (11K65M) | Cosmos 822,StatusRetired,Success
RVSN USSR,"Site 31/6, Baikonur Cosmodrome, Kazakhstan","Wed May 05, 1976 07:50 UTC",Voskhod | Cosmos 817,StatusRetired,Success
General Dynamics,"SLC-3W, Vandenberg AFB, California, USA","Fri Apr 30, 1976 19:12 UTC",Atlas-E/F MSD | NOSS-1,StatusRetired,Success
RVSN USSR,"Site 132/1, Plesetsk Cosmodrome, Russia","Wed Apr 28, 1976 13:30 UTC",Cosmos-3M (11K65M) | Cosmos 816,StatusRetired,Success
RVSN USSR,"Site 43/3, Plesetsk Cosmodrome, Russia","Wed Apr 28, 1976 09:30 UTC",Voskhod | Cosmos 815,StatusRetired,Success
RVSN USSR,"Site 43/3, Plesetsk Cosmodrome, Russia","Fri Apr 09, 1976 08:30 UTC",Voskhod | Cosmos 813,StatusRetired,Success
RVSN USSR,"Site 41/1, Plesetsk Cosmodrome, Russia","Wed Apr 07, 1976 13:05 UTC",Vostok-2M | Meteor n†­34,StatusRetired,Success
RVSN USSR,"Site 132/1, Plesetsk Cosmodrome, Russia","Tue Apr 06, 1976 04:14 UTC",Cosmos-3M (11K65M) | Cosmos 812,StatusRetired,Success
RVSN USSR,"Site 41/1, Plesetsk Cosmodrome, Russia","Wed Mar 31, 1976 12:50 UTC",Soyuz M | Cosmos 811,StatusRetired,Success
RVSN USSR,"Site 43/3, Plesetsk Cosmodrome, Russia","Fri Mar 26, 1976 15:00 UTC",Voskhod | Cosmos 810,StatusRetired,Success
US Air Force,"SLC-4W, Vandenberg AFB, California, USA","Mon Mar 22, 1976 18:14 UTC",Titan III(24)B | OPS 7600,StatusRetired,Success
RVSN USSR,"Site 1/5, Baikonur Cosmodrome, Kazakhstan","Fri Mar 19, 1976 19:31 UTC",Molniya-M /Block ML | Molniya-1 n†­59,StatusRetired,Success
RVSN USSR,"Site 31/6, Baikonur Cosmodrome, Kazakhstan","Thu Mar 18, 1976 09:15 UTC",Soyuz U | Cosmos 809,StatusRetired,Success
RVSN USSR,"Site 41/1, Plesetsk Cosmodrome, Russia","Tue Mar 16, 1976 17:22 UTC",Vostok-2M | Cosmos 808,StatusRetired,Success
Martin Marietta,"SLC-40, Cape Canaveral AFS, Florida, USA","Sun Mar 14, 1976 01:25 UTC","Titan III(23)C | LES-8, LES-9, Solrad-11a, Solrad-11b",StatusRetired,Success
RVSN USSR,"Site 90/20, Baikonur Cosmodrome, Kazakhstan","Sat Mar 13, 1976 17:15 UTC",Tsyklon-2 | Cosmos 814,StatusRetired,Success
RVSN USSR,"Site 132/1, Plesetsk Cosmodrome, Russia","Fri Mar 12, 1976 13:30 UTC",Cosmos-3M (11K65M) | Cosmos 807,StatusRetired,Success
RVSN USSR,"Site 41/1, Plesetsk Cosmodrome, Russia","Thu Mar 11, 1976 19:45 UTC",Molniya-M /Block ML | Molniya-1 n†­58,StatusRetired,Success
RVSN USSR,"Site 31/6, Baikonur Cosmodrome, Kazakhstan","Wed Mar 10, 1976 08:00 UTC",Soyuz U | Cosmos 806,StatusRetired,Success
MHI,"LA-Y1, Tanegashima Space Center, Japan","Sun Feb 29, 1976 03:30 UTC",N-I | Ume 1,StatusRetired,Success
RVSN USSR,"Site 43/3, Plesetsk Cosmodrome, Russia","Fri Feb 20, 1976 14:01 UTC",Soyuz U | Cosmos 805,StatusRetired,Success
RVSN USSR,"Site 90/20, Baikonur Cosmodrome, Kazakhstan","Mon Feb 16, 1976 08:29 UTC",Tsyklon-2 | Cosmos 804,StatusRetired,Success
RVSN USSR,"Site 132/2, Plesetsk Cosmodrome, Russia","Thu Feb 12, 1976 13:00 UTC",Cosmos-3M (11K65M) | Cosmos 803,StatusRetired,Success
RVSN USSR,"Site 31/6, Baikonur Cosmodrome, Kazakhstan","Wed Feb 11, 1976 08:50 UTC",Voskhod | Cosmos 802,StatusRetired,Success
RVSN USSR,"Site 133/3, Plesetsk Cosmodrome, Russia","Thu Feb 05, 1976 14:39 UTC",Cosmos-2I (63SM) | Cosmos 801,StatusRetired,Success
ISAS,"Mu Pad, Uchinoura Space Center, Japan","Wed Feb 04, 1976 05:00 UTC",Mu-III C | Corsa A,StatusRetired,Failure
RVSN USSR,"Site 132/1, Plesetsk Cosmodrome, Russia","Tue Feb 03, 1976 08:16 UTC",Cosmos-3M (11K65M) | Cosmos 800,StatusRetired,Success
General Dynamics,"SLC-36B, Cape Canaveral AFS, Florida, USA","Thu Jan 29, 1976 23:56 UTC",Atlas-SLV3D Centaur-D1AR | Intelsat 4A F2,StatusRetired,Success
RVSN USSR,"Site 31/6, Baikonur Cosmodrome, Kazakhstan","Thu Jan 29, 1976 08:30 UTC",Voskhod | Cosmos 799,StatusRetired,Success
RVSN USSR,"Site 132/1, Plesetsk Cosmodrome, Russia","Wed Jan 28, 1976 10:39 UTC",Cosmos-3M (11K65M) | Cosmos 791 to 798,StatusRetired,Success
RVSN USSR,"Site 132/1, Plesetsk Cosmodrome, Russia","Thu Jan 22, 1976 22:26 UTC",Cosmos-3M (11K65M) | Cosmos 790,StatusRetired,Success
RVSN USSR,"Site 1/5, Baikonur Cosmodrome, Kazakhstan","Thu Jan 22, 1976 11:38 UTC",Molniya-M /Block ML | Molniya-1 n†­57,StatusRetired,Success
RVSN USSR,"Site 132/1, Plesetsk Cosmodrome, Russia","Tue Jan 20, 1976 17:07 UTC",Cosmos-3M (11K65M) | Cosmos 789,StatusRetired,Success
Martin Marietta,"SLC-41, Cape Canaveral AFS, Florida, USA","Thu Jan 15, 1976 05:34 UTC",Titan IIIE | Helios-2,StatusRetired,Success
RVSN USSR,"Site 43/3, Plesetsk Cosmodrome, Russia","Wed Jan 07, 1976 15:34 UTC",Voskhod | Cosmos 788,StatusRetired,Success
RVSN USSR,"Site 132/1, Plesetsk Cosmodrome, Russia","Tue Jan 06, 1976 04:52 UTC",Cosmos-3M (11K65M) | Cosmos 787,StatusRetired,Success
RVSN USSR,"Site 43/3, Plesetsk Cosmodrome, Russia","Sat Dec 27, 1975 10:22 UTC",Molniya-M /Block ML | Molniya-3 n†­56,StatusRetired,Success
RVSN USSR,"Site 41/1, Plesetsk Cosmodrome, Russia","Thu Dec 25, 1975 19:00 UTC",Vostok-2M | Meteor n†­33,StatusRetired,Success
RVSN USSR,"Site 31/6, Baikonur Cosmodrome, Kazakhstan","Mon Dec 22, 1975",Molniya-M /Block SO-L | Prognoz n†­4,StatusRetired,Success
RVSN USSR,"Site 132/1, Plesetsk Cosmodrome, Russia","Fri Dec 19, 1975 14:00 UTC",Cosmos-3M (11K65M) | DS-P1 satellite,StatusRetired,Failure
RVSN USSR,"Site 43/3, Plesetsk Cosmodrome, Russia","Wed Dec 17, 1975 11:06 UTC",Molniya-M /Block ML | Molniya-2 n†­55,StatusRetired,Success
RVSN USSR,"Site 31/6, Baikonur Cosmodrome, Kazakhstan","Tue Dec 16, 1975 09:50 UTC",Voskhod | Cosmos 786,StatusRetired,Success
CASC,"Site 138 (LA-2B), Jiuquan Satellite Launch Center, China","Tue Dec 16, 1975 09:21 UTC",Feng Bao 1 | JSSW-4,StatusRetired,Success
Martin Marietta,"SLC-40, Cape Canaveral AFS, Florida, USA","Sun Dec 14, 1975 05:15 UTC",Titan III(23)C | DSP-5,StatusRetired,Success
RVSN USSR,"Site 90/19, Baikonur Cosmodrome, Kazakhstan","Fri Dec 12, 1975 12:45 UTC",Tsyklon-2 | Cosmos 785,StatusRetired,Success
RVSN USSR,"Site 132/1, Plesetsk Cosmodrome, Russia","Thu Dec 11, 1975 17:00 UTC",Cosmos-3M (11K65M) | Intercosmos-14,StatusRetired,Success
Martin Marietta,"SLC-4E, Vandenberg AFB, California, USA","Thu Dec 04, 1975 20:38 UTC",Titan IIID | KH-9 & S3,StatusRetired,Success
RVSN USSR,"Site 43/3, Plesetsk Cosmodrome, Russia","Wed Dec 03, 1975 10:00 UTC",Voskhod | Cosmos 784,StatusRetired,Success
RVSN USSR,"Site 132/1, Plesetsk Cosmodrome, Russia","Fri Nov 28, 1975 00:10 UTC",Cosmos-3M (11K65M) | Cosmos 783,StatusRetired,Success
RVSN USSR,"Site 43/3, Plesetsk Cosmodrome, Russia","Tue Nov 25, 1975 17:00 UTC",Soyuz U | Cosmos 782,StatusRetired,Success
RVSN USSR,"Site 132/1, Plesetsk Cosmodrome, Russia","Fri Nov 21, 1975 17:11 UTC",Cosmos-3M (11K65M) | Cosmos 781,StatusRetired,Success
RVSN USSR,"Site 31/6, Baikonur Cosmodrome, Kazakhstan","Fri Nov 21, 1975 09:20 UTC",Voskhod | Cosmos 780,StatusRetired,Success
RVSN USSR,"Site 1/5, Baikonur Cosmodrome, Kazakhstan","Mon Nov 17, 1975 14:36 UTC",Soyuz U | Soyuz 20,StatusRetired,Success
CASC,"Site 138 (LA-2B), Jiuquan Satellite Launch Center, China","Sun Nov 16, 1975 03:29 UTC",Long March 2 | FSW-0 No.1,StatusRetired,Success
RVSN USSR,"Site 132/1, Plesetsk Cosmodrome, Russia","Sat Nov 15, 1975 10:12 UTC",Cosmos-3M (11K65M) | Cosmos 778,StatusRetired,Success
RVSN USSR,"Site 43/3, Plesetsk Cosmodrome, Russia","Fri Nov 14, 1975 19:13 UTC",Molniya-M /Block ML | Molniya-3 n†­54,StatusRetired,Success
RVSN USSR,"Site 43/3, Plesetsk Cosmodrome, Russia","Tue Nov 04, 1975 15:19 UTC",Voskhod | Cosmos 779,StatusRetired,Success
RVSN USSR,"Site 90/20, Baikonur Cosmodrome, Kazakhstan","Wed Oct 29, 1975 11:00 UTC",Tsyklon-2 | Cosmos 777,StatusRetired,Success
RVSN USSR,"Site 41/1, Plesetsk Cosmodrome, Russia","Fri Oct 17, 1975 14:29 UTC",Voskhod | Cosmos 776,StatusRetired,Success
US Air Force,"SLC-4W, Vandenberg AFB, California, USA","Thu Oct 09, 1975 19:15 UTC",Titan III(24)B | OPS 5499,StatusRetired,Success
RVSN USSR,"Site 31/6, Baikonur Cosmodrome, Kazakhstan","Wed Oct 01, 1975 08:30 UTC",Voskhod | Cosmos 774,StatusRetired,Success
RVSN USSR,"Site 132/1, Plesetsk Cosmodrome, Russia","Tue Sep 30, 1975 18:38 UTC",Cosmos-3M (11K65M) | Cosmos 773,StatusRetired,Success
RVSN USSR,"Site 1/5, Baikonur Cosmodrome, Kazakhstan","Mon Sep 29, 1975 04:19 UTC",Soyuz U | Cosmos 772,StatusRetired,Success
CNES,"ELD, Guiana Space Centre, French Guiana, France","Sat Sep 27, 1975 14:00 UTC",Diamant BP4 | Aura,StatusRetired,Success
General Dynamics,"SLC-36B, Cape Canaveral AFS, Florida, USA","Fri Sep 26, 1975 00:17 UTC",Atlas-SLV3D Centaur-D1AR | Intelsat 4A F1,StatusRetired,Success
RVSN USSR,"Site 43/3, Plesetsk Cosmodrome, Russia","Thu Sep 25, 1975 09:49 UTC",Soyuz U | Cosmos 771,StatusRetired,Success
RVSN USSR,"Site 132/1, Plesetsk Cosmodrome, Russia","Wed Sep 24, 1975 12:00 UTC",Cosmos-3M (11K65M) | Cosmos 770,StatusRetired,Success
RVSN USSR,"Site 41/1, Plesetsk Cosmodrome, Russia","Tue Sep 23, 1975 10:00 UTC",Voskhod | Cosmos 769,StatusRetired,Success
RVSN USSR,"Site 41/1, Plesetsk Cosmodrome, Russia","Thu Sep 18, 1975 00:12 UTC",Vostok-2M | Meteor n†­32,StatusRetired,Success
RVSN USSR,"Site 132/1, Plesetsk Cosmodrome, Russia","Wed Sep 17, 1975 07:10 UTC",Cosmos-3M (11K65M) | Cosmos 761 to 768,StatusRetired,Success
RVSN USSR,"Site 31/6, Baikonur Cosmodrome, Kazakhstan","Tue Sep 16, 1975 09:00 UTC",Voskhod | Cosmos 760,StatusRetired,Success
RVSN USSR,"Site 43/3, Plesetsk Cosmodrome, Russia","Fri Sep 12, 1975 05:30 UTC",Soyuz U | Cosmos 759,StatusRetired,Success
Martin Marietta,"SLC-41, Cape Canaveral AFS, Florida, USA","Tue Sep 09, 1975 18:39 UTC",Titan IIIE | Viking 2,StatusRetired,Success
MHI,"LA-Y1, Tanegashima Space Center, Japan","Tue Sep 09, 1975 05:30 UTC",N-I | Kiku 1,StatusRetired,Success
RVSN USSR,"Site 41/1, Plesetsk Cosmodrome, Russia","Tue Sep 09, 1975 00:19 UTC",Molniya-M /Block ML | Molniya-2 n†­53,StatusRetired,Success
RVSN USSR,"Site 43/3, Plesetsk Cosmodrome, Russia","Fri Sep 05, 1975 14:49 UTC",Soyuz U | Cosmos 758,StatusRetired,Success
RVSN USSR,"Site 41/1, Plesetsk Cosmodrome, Russia","Tue Sep 02, 1975 13:09 UTC",Molniya-M /Block ML | Molniya-1 n†­52,StatusRetired,Success
RVSN USSR,"Site 41/1, Plesetsk Cosmodrome, Russia","Wed Aug 27, 1975 14:45 UTC",Voskhod | Cosmos 757,StatusRetired,Success
RVSN USSR,"Site 41/1, Plesetsk Cosmodrome, Russia","Fri Aug 22, 1975 02:11 UTC",Vostok-2M | Cosmos 756,StatusRetired,Success
Martin Marietta,"SLC-41, Cape Canaveral AFS, Florida, USA","Wed Aug 20, 1975 21:22 UTC",Titan IIIE | Viking 1,StatusRetired,Success
RVSN USSR,"Site 132/1, Plesetsk Cosmodrome, Russia","Thu Aug 14, 1975 13:29 UTC",Cosmos-3M (11K65M) | Cosmos 755,StatusRetired,Success
RVSN USSR,"Site 31/6, Baikonur Cosmodrome, Kazakhstan","Wed Aug 13, 1975 07:21 UTC",Voskhod | Cosmos 754,StatusRetired,Success
RVSN USSR,"Site 43/3, Plesetsk Cosmodrome, Russia","Thu Jul 31, 1975 13:00 UTC",Voskhod | Cosmos 753,StatusRetired,Success
CASC,"Site 138 (LA-2B), Jiuquan Satellite Launch Center, China","Sat Jul 26, 1975 13:30 UTC",Feng Bao 1 | JSSW-3,StatusRetired,Success
RVSN USSR,"Site 132/1, Plesetsk Cosmodrome, Russia","Thu Jul 24, 1975 19:00 UTC",Cosmos-3M (11K65M) | Cosmos 752,StatusRetired,Success
RVSN USSR,"Site 43/3, Plesetsk Cosmodrome, Russia","Wed Jul 23, 1975 13:00 UTC",Voskhod | Cosmos 751,StatusRetired,Success
RVSN USSR,"Site 133/3, Plesetsk Cosmodrome, Russia","Thu Jul 17, 1975 09:10 UTC",Cosmos-2I (63SM) | Cosmos 750,StatusRetired,Success
NASA,"LC-39B, Kennedy Space Center, Florida, USA","Tue Jul 15, 1975 19:50 UTC",Saturn IB | ASTP (Apollo???Soyuz Test Project),StatusRetired,Success
RVSN USSR,"Site 1/5, Baikonur Cosmodrome, Kazakhstan","Tue Jul 15, 1975 12:20 UTC",Soyuz U | Soyuz 19 (Apollo-Soyuz),StatusRetired,Success
RVSN USSR,"Site 41/1, Plesetsk Cosmodrome, Russia","Fri Jul 11, 1975 04:15 UTC",Vostok-2M | Meteor-2 n†­1,StatusRetired,Success
RVSN USSR,"Site 41/1, Plesetsk Cosmodrome, Russia","Tue Jul 08, 1975 05:05 UTC",Molniya-M /Block ML | Molniya-2 n†­51,StatusRetired,Success
RVSN USSR,"Site 132/1, Plesetsk Cosmodrome, Russia","Fri Jul 04, 1975 00:56 UTC",Cosmos-3M (11K65M) | Cosmos 749,StatusRetired,Success
RVSN USSR,"Site 41/1, Plesetsk Cosmodrome, Russia","Thu Jul 03, 1975 13:40 UTC",Voskhod | Cosmos 748,StatusRetired,Success
RVSN USSR,"Site 41/1, Plesetsk Cosmodrome, Russia","Fri Jun 27, 1975 13:00 UTC",Voskhod | Cosmos 747,StatusRetired,Success
RVSN USSR,"Site 43/3, Plesetsk Cosmodrome, Russia","Wed Jun 25, 1975 12:59 UTC",Voskhod | Cosmos 746,StatusRetired,Success
RVSN USSR,"Site 133/3, Plesetsk Cosmodrome, Russia","Tue Jun 24, 1975 12:05 UTC",Cosmos-2I (63SM) | Cosmos 745,StatusRetired,Success
RVSN USSR,"Site 41/1, Plesetsk Cosmodrome, Russia","Fri Jun 20, 1975 06:54 UTC",Vostok-2M | Cosmos 744,StatusRetired,Success
General Dynamics,"LC-13, Cape Canaveral AFS, Florida, USA","Wed Jun 18, 1975 09:00 UTC",Atlas-SLV3A Agena-D | AFP-827 (Canyon-6),StatusRetired,Success
RVSN USSR,"Site 43/3, Plesetsk Cosmodrome, Russia","Thu Jun 12, 1975 12:30 UTC",Soyuz U | Cosmos 743,StatusRetired,Success
Martin Marietta,"SLC-4E, Vandenberg AFB, California, USA","Sun Jun 08, 1975 18:30 UTC",Titan IIID | KH-9 & SSF-C-5,StatusRetired,Success
RVSN USSR,"Site 41/1, Plesetsk Cosmodrome, Russia","Thu Jun 05, 1975 01:37 UTC",Molniya-M /Block ML | Molniya-1 n†­50 & SRET-2,StatusRetired,Success
RVSN USSR,"Site 43/3, Plesetsk Cosmodrome, Russia","Tue Jun 03, 1975 13:20 UTC",Voskhod | Cosmos 742,StatusRetired,Success
RVSN USSR,"Site 107/1, Kapustin Yar, Russia","Tue Jun 03, 1975 09:00 UTC",Cosmos-3M (11K65M) | DS-U3 satellite,StatusRetired,Failure
RVSN USSR,"Site 43/3, Plesetsk Cosmodrome, Russia","Fri May 30, 1975 06:45 UTC",Voskhod | Cosmos 741,StatusRetired,Success
RVSN USSR,"Site 31/6, Baikonur Cosmodrome, Kazakhstan","Wed May 28, 1975 07:29 UTC",Voskhod | Cosmos 740,StatusRetired,Success
RVSN USSR,"Site 132/1, Plesetsk Cosmodrome, Russia","Wed May 28, 1975 00:25 UTC",Cosmos-3M (11K65M) | Cosmos 732 to 739,StatusRetired,Success
RVSN USSR,"Site 43/3, Plesetsk Cosmodrome, Russia","Sun May 25, 1975 14:30 UTC",Soyuz U | Cosmos 1012,StatusRetired,Success
RVSN USSR,"Site 1/5, Baikonur Cosmodrome, Kazakhstan","Sat May 24, 1975 14:58 UTC",Soyuz | Soyuz 18,StatusRetired,Success
General Dynamics,"SLC-36A, Cape Canaveral AFS, Florida, USA","Thu May 22, 1975 22:04 UTC",Atlas-SLV3D Centaur-D1A | Intelsat 4 F1,StatusRetired,Success
RVSN USSR,"Site 31/6, Baikonur Cosmodrome, Kazakhstan","Wed May 21, 1975 06:59 UTC",Voskhod | Cosmos 731,StatusRetired,Success
Martin Marietta,"SLC-40, Cape Canaveral AFS, Florida, USA","Tue May 20, 1975 14:03 UTC",Titan III(23)C | DSCS-II 5&6,StatusRetired,Failure
CNES,"ELD, Guiana Space Centre, French Guiana, France","Sat May 17, 1975 14:47 UTC",Diamant BP4 | Castor & Pollux,StatusRetired,Success
ASI,"SM Launch Tab, San Marco Launch Platform, Kenya","Wed May 07, 1975 22:45 UTC",Scout F1 | Explorer 53,StatusRetired,Success
RVSN USSR,"Site 41/1, Plesetsk Cosmodrome, Russia","Tue Apr 29, 1975 10:23 UTC",Molniya-M /Block ML | Molniya-1 n†­49,StatusRetired,Success
RVSN USSR,"Site 43/3, Plesetsk Cosmodrome, Russia","Thu Apr 24, 1975 08:04 UTC",Voskhod | Cosmos 730,StatusRetired,Success
RVSN USSR,"Site 132/1, Plesetsk Cosmodrome, Russia","Tue Apr 22, 1975 21:10 UTC",Cosmos-3M (11K65M) | Cosmos 729,StatusRetired,Success
RVSN USSR,"Site 132/2, Plesetsk Cosmodrome, Russia","Sat Apr 19, 1975 07:58 UTC",Cosmos-3M (11K65M) | Aryabhata,StatusRetired,Success
US Air Force,"SLC-4W, Vandenberg AFB, California, USA","Fri Apr 18, 1975 16:48 UTC",Titan III(24)B | OPS 4883,StatusRetired,Success
RVSN USSR,"Site 41/1, Plesetsk Cosmodrome, Russia","Fri Apr 18, 1975 10:00 UTC",Voskhod | Cosmos 728,StatusRetired,Success
RVSN USSR,"Site 31/6, Baikonur Cosmodrome, Kazakhstan","Wed Apr 16, 1975 08:00 UTC",Soyuz U | Cosmos 727,StatusRetired,Success
RVSN USSR,"Site 41/1, Plesetsk Cosmodrome, Russia","Mon Apr 14, 1975 17:52 UTC",Molniya-M /Block ML | Molniya-3 n†­48,StatusRetired,Success
General Dynamics,"SLC-3W, Vandenberg AFB, California, USA","Sun Apr 13, 1975 00:51 UTC",Atlas-E/F Star-17A | P72-2,StatusRetired,Failure
RVSN USSR,"Site 132/1, Plesetsk Cosmodrome, Russia","Fri Apr 11, 1975 07:57 UTC",Cosmos-3M (11K65M) | Cosmos 726,StatusRetired,Success
RVSN USSR,"Site 133/3, Plesetsk Cosmodrome, Russia","Tue Apr 08, 1975 18:30 UTC",Cosmos-2I (63SM) | Cosmos 725,StatusRetired,Success
RVSN USSR,"Site 90/20, Baikonur Cosmodrome, Kazakhstan","Mon Apr 07, 1975 11:00 UTC",Tsyklon-2 | Cosmos 724,StatusRetired,Success
RVSN USSR,"Site 1/5, Baikonur Cosmodrome, Kazakhstan","Sat Apr 05, 1975 11:04 UTC",Soyuz | Soyuz 18a (7K-T n†­39),StatusRetired,Failure
RVSN USSR,"Site 90/20, Baikonur Cosmodrome, Kazakhstan","Wed Apr 02, 1975 11:00 UTC",Tsyklon-2 | Cosmos 723,StatusRetired,Success
RVSN USSR,"Site 41/1, Plesetsk Cosmodrome, Russia","Tue Apr 01, 1975 12:30 UTC",Vostok-2M | Meteor n†­31,StatusRetired,Success
RVSN USSR,"Site 132/1, Plesetsk Cosmodrome, Russia","Thu Mar 27, 1975 14:30 UTC",Cosmos-3M (11K65M) | Intercosmos-13,StatusRetired,Success
RVSN USSR,"Site 31/6, Baikonur Cosmodrome, Kazakhstan","Thu Mar 27, 1975 08:00 UTC",Voskhod | Cosmos 722,StatusRetired,Success
RVSN USSR,"Site 41/1, Plesetsk Cosmodrome, Russia","Wed Mar 26, 1975 08:50 UTC",Voskhod | Cosmos 721,StatusRetired,Success
RVSN USSR,"Site 43/3, Plesetsk Cosmodrome, Russia","Fri Mar 21, 1975 06:50 UTC",Soyuz U | Cosmos 720,StatusRetired,Success
RVSN USSR,"Site 31/6, Baikonur Cosmodrome, Kazakhstan","Wed Mar 12, 1975 08:55 UTC",Voskhod | Cosmos 719,StatusRetired,Success
Martin Marietta,"SLC-4W, Vandenberg AFB, California, USA","Mon Mar 10, 1975 04:41 UTC",Titan III(34)B Agena-D | Jumpseat 4,StatusRetired,Success
RVSN USSR,"Site 132/2, Plesetsk Cosmodrome, Russia","Fri Feb 28, 1975 14:01 UTC",Cosmos-3M (11K65M) | Cosmos 711 to 718,StatusRetired,Success
RVSN USSR,"Site 31/6, Baikonur Cosmodrome, Kazakhstan","Wed Feb 26, 1975 09:00 UTC",Voskhod | Cosmos 710,StatusRetired,Success
ISAS,"Mu Pad, Uchinoura Space Center, Japan","Mon Feb 24, 1975 05:25 UTC",Mu-III C | Taiyo,StatusRetired,Success
General Dynamics,"SLC-36A, Cape Canaveral AFS, Florida, USA","Thu Feb 20, 1975 23:35 UTC",Atlas-SLV3D Centaur-D1A | Intelsat 4 F6,StatusRetired,Failure
RVSN USSR,"Site 41/1, Plesetsk Cosmodrome, Russia","Wed Feb 12, 1975 14:30 UTC",Voskhod | Cosmos 709,StatusRetired,Success
RVSN USSR,"Site 132/1, Plesetsk Cosmodrome, Russia","Wed Feb 12, 1975 03:30 UTC",Cosmos-3M (11K65M) | Cosmos 708,StatusRetired,Success
CNES,"ELD, Guiana Space Centre, French Guiana, France","Thu Feb 06, 1975 16:35 UTC",Diamant BP4 | Starlette,StatusRetired,Success
RVSN USSR,"Site 41/1, Plesetsk Cosmodrome, Russia","Thu Feb 06, 1975 04:49 UTC",Molniya-M /Block L | Molniya-2 n†­47,StatusRetired,Success
RVSN USSR,"Site 132/1, Plesetsk Cosmodrome, Russia","Wed Feb 05, 1975 13:15 UTC",Cosmos-3M (11K65M) | Cosmos 707,StatusRetired,Success
RVSN USSR,"Site 41/1, Plesetsk Cosmodrome, Russia","Thu Jan 30, 1975 15:02 UTC",Molniya-M /Block 2BL | Cosmos 706,StatusRetired,Success
RVSN USSR,"Site 133/3, Plesetsk Cosmodrome, Russia","Tue Jan 28, 1975 12:05 UTC",Cosmos-2I (63SM) | Cosmos 705,StatusRetired,Success
RVSN USSR,"Site 41/1, Plesetsk Cosmodrome, Russia","Thu Jan 23, 1975 11:00 UTC",Voskhod | Cosmos 704,StatusRetired,Success
RVSN USSR,"Site 133/3, Plesetsk Cosmodrome, Russia","Tue Jan 21, 1975 11:04 UTC",Cosmos-2I (63SM) | Cosmos 703,StatusRetired,Success
RVSN USSR,"Site 31/6, Baikonur Cosmodrome, Kazakhstan","Fri Jan 17, 1975 09:00 UTC",Voskhod | Cosmos 702,StatusRetired,Success
RVSN USSR,"Site 1/5, Baikonur Cosmodrome, Kazakhstan","Fri Jan 10, 1975 21:43 UTC",Soyuz | Soyuz 17,StatusRetired,Success
RVSN USSR,"Site 31/6, Baikonur Cosmodrome, Kazakhstan","Fri Dec 27, 1974 09:10 UTC",Voskhod | Cosmos 701,StatusRetired,Success
RVSN USSR,"Site 132/1, Plesetsk Cosmodrome, Russia","Thu Dec 26, 1974 11:59 UTC",Cosmos-3M (11K65M) | Cosmos 700,StatusRetired,Success
RVSN USSR,"Site 90/20, Baikonur Cosmodrome, Kazakhstan","Tue Dec 24, 1974 11:00 UTC",Tsyklon-2 | Cosmos 699,StatusRetired,Success
RVSN USSR,"Site 41/1, Plesetsk Cosmodrome, Russia","Sat Dec 21, 1974 02:19 UTC",Molniya-M /Block L | Molniya-2 n†­46,StatusRetired,Success
RVSN USSR,"Site 132/1, Plesetsk Cosmodrome, Russia","Wed Dec 18, 1974 14:12 UTC",Cosmos-3M (11K65M) | Cosmos 698,StatusRetired,Success
RVSN USSR,"Site 43/4, Plesetsk Cosmodrome, Russia","Tue Dec 17, 1974 11:45 UTC",Vostok-2M | Meteor n†­30,StatusRetired,Success
RVSN USSR,"Site 43/3, Plesetsk Cosmodrome, Russia","Fri Dec 13, 1974 13:30 UTC",Soyuz U | Cosmos 697,StatusRetired,Partial Failure
Martin Marietta,"SLC-41, Cape Canaveral AFS, Florida, USA","Tue Dec 10, 1974 07:11 UTC",Titan IIIE | Helios-1,StatusRetired,Success
RVSN USSR,"Site 1/5, Baikonur Cosmodrome, Kazakhstan","Mon Dec 02, 1974 09:40 UTC",Soyuz U | Soyuz 16,StatusRetired,Success
RVSN USSR,"Site 43/4, Plesetsk Cosmodrome, Russia","Wed Nov 27, 1974 11:44 UTC",Voskhod | Cosmos 696,StatusRetired,Success
General Dynamics,"SLC-36B, Cape Canaveral AFS, Florida, USA","Thu Nov 21, 1974 23:43 UTC",Atlas-SLV3D Centaur-D1A | Intelsat 4 F8,StatusRetired,Success
RVSN USSR,"Site 41/1, Plesetsk Cosmodrome, Russia","Thu Nov 21, 1974 10:33 UTC",Molniya-M /Block L | Molniya-3 n†­45,StatusRetired,Success
RVSN USSR,"Site 133/3, Plesetsk Cosmodrome, Russia","Wed Nov 20, 1974 12:00 UTC",Cosmos-2I (63SM) | Cosmos 695,StatusRetired,Success
RVSN USSR,"Site 43/4, Plesetsk Cosmodrome, Russia","Sat Nov 16, 1974 11:45 UTC",Voskhod | Cosmos 694,StatusRetired,Success
CASC,"Site 138 (LA-2B), Jiuquan Satellite Launch Center, China","Tue Nov 05, 1974 09:40 UTC",Long March 2 | FSW-0 No.0,StatusRetired,Failure
RVSN USSR,"Site 41/1, Plesetsk Cosmodrome, Russia","Mon Nov 04, 1974 10:40 UTC",Soyuz M | Cosmos 693,StatusRetired,Success
RVSN USSR,"Site 43/4, Plesetsk Cosmodrome, Russia","Fri Nov 01, 1974 14:20 UTC",Voskhod | Cosmos 692,StatusRetired,Success
RVSN USSR,"Site 132/2, Plesetsk Cosmodrome, Russia","Thu Oct 31, 1974 10:00 UTC",Cosmos-3M (11K65M) | Intercosmos-12,StatusRetired,Success
Martin Marietta,"SLC-4E, Vandenberg AFB, California, USA","Tue Oct 29, 1974 19:30 UTC","Titan IIID | KH-9, S3 & SSF-B-26",StatusRetired,Success
RVSN USSR,"Site 43/4, Plesetsk Cosmodrome, Russia","Mon Oct 28, 1974 10:17 UTC",Vostok-2M | Meteor n†­29,StatusRetired,Success
RVSN USSR,"Site 31/6, Baikonur Cosmodrome, Kazakhstan","Fri Oct 25, 1974 09:30 UTC",Soyuz U | Cosmos 691,StatusRetired,Success
RVSN USSR,"Site 41/1, Plesetsk Cosmodrome, Russia","Thu Oct 24, 1974 12:38 UTC",Molniya-M /Block L | Molniya-1 n†­44,StatusRetired,Success
RVSN USSR,"Site 43/3, Plesetsk Cosmodrome, Russia","Tue Oct 22, 1974 17:59 UTC",Soyuz U | Cosmos 690,StatusRetired,Success
RVSN USSR,"Site 132/2, Plesetsk Cosmodrome, Russia","Fri Oct 18, 1974 22:36 UTC",Cosmos-3M (11K65M) | Cosmos 689,StatusRetired,Success
RVSN USSR,"Site 41/1, Plesetsk Cosmodrome, Russia","Fri Oct 18, 1974 15:00 UTC",Voskhod | Cosmos 688,StatusRetired,Success
ASI,"SM Launch Tab, San Marco Launch Platform, Kenya","Tue Oct 15, 1974 07:47 UTC",Scout B1 | Ariel 5,StatusRetired,Success
RVSN USSR,"Site 132/2, Plesetsk Cosmodrome, Russia","Fri Oct 11, 1974 11:29 UTC",Cosmos-3M (11K65M) | Cosmos 687,StatusRetired,Success
RVSN USSR,"Site 133/3, Plesetsk Cosmodrome, Russia","Thu Sep 26, 1974 16:34 UTC",Cosmos-2I (63SM) | Cosmos 686,StatusRetired,Success
RVSN USSR,"Site 31/6, Baikonur Cosmodrome, Kazakhstan","Fri Sep 20, 1974 09:30 UTC",Voskhod | Cosmos 685,StatusRetired,Success
RVSN USSR,"Site 132/2, Plesetsk Cosmodrome, Russia","Thu Sep 19, 1974 14:57 UTC",Cosmos-3M (11K65M) | Cosmos 677 to 684,StatusRetired,Success
RVSN USSR,"Site 132/2, Plesetsk Cosmodrome, Russia","Wed Sep 11, 1974 17:40 UTC",Cosmos-3M (11K65M) | Cosmos 676,StatusRetired,Success
RVSN USSR,"Site 41/1, Plesetsk Cosmodrome, Russia","Fri Aug 30, 1974 09:00 UTC",Voskhod | Zenit-2M n†­51,StatusRetired,Failure
RVSN USSR,"Site 132/2, Plesetsk Cosmodrome, Russia","Thu Aug 29, 1974 15:00 UTC",Cosmos-3M (11K65M) | Cosmos 675,StatusRetired,Success
RVSN USSR,"Site 31/6, Baikonur Cosmodrome, Kazakhstan","Thu Aug 29, 1974 07:39 UTC",Voskhod | Cosmos 674,StatusRetired,Success
RVSN USSR,"Site 1/5, Baikonur Cosmodrome, Kazakhstan","Wed Aug 28, 1974 20:10 UTC",Soyuz | Soyuz 15,StatusRetired,Success
RVSN USSR,"Site 43/4, Plesetsk Cosmodrome, Russia","Fri Aug 16, 1974 03:41 UTC",Vostok-2M | Cosmos 673,StatusRetired,Success
US Air Force,"SLC-4W, Vandenberg AFB, California, USA","Wed Aug 14, 1974 15:45 UTC",Titan III(24)B | OPS 3004,StatusRetired,Success
RVSN USSR,"Site 1/5, Baikonur Cosmodrome, Kazakhstan","Mon Aug 12, 1974",Soyuz U | Cosmos 672,StatusRetired,Success
RVSN USSR,"Site 43/4, Plesetsk Cosmodrome, Russia","Wed Aug 07, 1974 12:49 UTC",Voskhod | Cosmos 671,StatusRetired,Success
RVSN USSR,"Site 1/5, Baikonur Cosmodrome, Kazakhstan","Tue Aug 06, 1974 00:02 UTC",Soyuz U | Cosmos 670,StatusRetired,Success
RVSN USSR,"Site 43/4, Plesetsk Cosmodrome, Russia","Fri Jul 26, 1974 06:59 UTC",Voskhod | Cosmos 669,StatusRetired,Success
RVSN USSR,"Site 133/3, Plesetsk Cosmodrome, Russia","Thu Jul 25, 1974 12:00 UTC",Cosmos-2I (63SM) | Cosmos 668,StatusRetired,Success
RVSN USSR,"Site 31/6, Baikonur Cosmodrome, Kazakhstan","Thu Jul 25, 1974 07:00 UTC",Voskhod | Cosmos 667,StatusRetired,Success
RVSN USSR,"Site 43/4, Plesetsk Cosmodrome, Russia","Tue Jul 23, 1974 01:23 UTC",Molniya-M /Block L | Molniya-2 n†­42,StatusRetired,Success
General Dynamics,"SLC-3W, Vandenberg AFB, California, USA","Sun Jul 14, 1974 05:17 UTC",Atlas-E/F PTS | P73-3,StatusRetired,Success
CASC,"Site 138 (LA-2B), Jiuquan Satellite Launch Center, China","Fri Jul 12, 1974 13:55 UTC",Feng Bao 1 | JSSW-2,StatusRetired,Failure
RVSN USSR,"Site 43/4, Plesetsk Cosmodrome, Russia","Fri Jul 12, 1974 12:15 UTC",Voskhod | Cosmos 666,StatusRetired,Success
RVSN USSR,"Site 133/3, Plesetsk Cosmodrome, Russia","Thu Jul 11, 1974 11:00 UTC",Cosmos-2I (63SM) | DS-P1-You n†­68,StatusRetired,Failure
RVSN USSR,"Site 86/1, Kapustin Yar, Russia","Thu Jul 11, 1974 05:01 UTC",Cosmos-3MRB (65MRB) | BOR-3 Shuttle,StatusRetired,Success
RVSN USSR,"Site 43/4, Plesetsk Cosmodrome, Russia","Tue Jul 09, 1974 14:39 UTC",Vostok-2M | Meteor-Priroda n†­1,StatusRetired,Success
RVSN USSR,"Site 1/5, Baikonur Cosmodrome, Kazakhstan","Wed Jul 03, 1974 18:51 UTC",Soyuz | Soyuz 14,StatusRetired,Success
RVSN USSR,"Site 41/1, Plesetsk Cosmodrome, Russia","Sat Jun 29, 1974 15:59 UTC",Molniya-M /Block 2BL | Cosmos 665,StatusRetired,Success
RVSN USSR,"Site 43/4, Plesetsk Cosmodrome, Russia","Sat Jun 29, 1974 12:50 UTC",Soyuz M | Cosmos 664,StatusRetired,Success
RVSN USSR,"Site 132/1, Plesetsk Cosmodrome, Russia","Thu Jun 27, 1974 15:39 UTC",Cosmos-3M (11K65M) | Cosmos 663,StatusRetired,Success
RVSN USSR,"Site 133/3, Plesetsk Cosmodrome, Russia","Wed Jun 26, 1974 12:30 UTC",Cosmos-2I (63SM) | Cosmos 662,StatusRetired,Success
RVSN USSR,"Site 132/2, Plesetsk Cosmodrome, Russia","Fri Jun 21, 1974 09:03 UTC",Cosmos-3M (11K65M) | Cosmos 661,StatusRetired,Success
RVSN USSR,"Site 132/2, Plesetsk Cosmodrome, Russia","Tue Jun 18, 1974 13:00 UTC",Cosmos-3M (11K65M) | Cosmos 660,StatusRetired,Success
RVSN USSR,"Site 43/4, Plesetsk Cosmodrome, Russia","Thu Jun 13, 1974 12:29 UTC",Voskhod | Cosmos 659,StatusRetired,Success
US Air Force,"SLC-4W, Vandenberg AFB, California, USA","Thu Jun 06, 1974 16:30 UTC",Titan III(24)B | OPS 1776,StatusRetired,Success
RVSN USSR,"Site 31/6, Baikonur Cosmodrome, Kazakhstan","Thu Jun 06, 1974 06:20 UTC",Voskhod | Cosmos 658,StatusRetired,Success
Martin Marietta,"SLC-40, Cape Canaveral AFS, Florida, USA","Thu May 30, 1974 13:00 UTC",Titan III(23)C | ATS-6,StatusRetired,Success
RVSN USSR,"Site 43/4, Plesetsk Cosmodrome, Russia","Thu May 30, 1974 12:44 UTC",Voskhod | Cosmos 657,StatusRetired,Success
RVSN USSR,"Site 81/24, Baikonur Cosmodrome, Kazakhstan","Wed May 29, 1974 08:56 UTC",Proton K/Block D | Luna-22,StatusRetired,Success
RVSN USSR,"Site 1/5, Baikonur Cosmodrome, Kazakhstan","Mon May 27, 1974 07:20 UTC",Soyuz | Cosmos 656,StatusRetired,Success
RVSN USSR,"Site 43/3, Plesetsk Cosmodrome, Russia","Thu May 23, 1974 12:16 UTC",Soyuz U | Yantar-2K n†­01,StatusRetired,Failure
RVSN USSR,"Site 132/2, Plesetsk Cosmodrome, Russia","Tue May 21, 1974 06:15 UTC",Cosmos-3M (11K65M) | Cosmos 655,StatusRetired,Success
RVSN USSR,"Site 132/1, Plesetsk Cosmodrome, Russia","Fri May 17, 1974 11:00 UTC",Cosmos-3M (11K65M) | Intercosmos-11,StatusRetired,Success
RVSN USSR,"Site 90/19, Baikonur Cosmodrome, Kazakhstan","Fri May 17, 1974 06:53 UTC",Tsyklon-2 | Cosmos 654,StatusRetired,Success
RVSN USSR,"Site 43/4, Plesetsk Cosmodrome, Russia","Wed May 15, 1974 12:30 UTC",Voskhod | Cosmos 653,StatusRetired,Success
RVSN USSR,"Site 31/6, Baikonur Cosmodrome, Kazakhstan","Wed May 15, 1974 08:30 UTC",Soyuz U | Cosmos 652,StatusRetired,Success
RVSN USSR,"Site 90/19, Baikonur Cosmodrome, Kazakhstan","Wed May 15, 1974 07:30 UTC",Tsyklon-2 | Cosmos 651,StatusRetired,Success
RVSN USSR,"Site 132/2, Plesetsk Cosmodrome, Russia","Mon Apr 29, 1974 17:10 UTC",Cosmos-3M (11K65M) | Cosmos 650,StatusRetired,Success
RVSN USSR,"Site 43/4, Plesetsk Cosmodrome, Russia","Mon Apr 29, 1974 13:29 UTC",Voskhod | Cosmos 649,StatusRetired,Success
RVSN USSR,"Site 41/1, Plesetsk Cosmodrome, Russia","Fri Apr 26, 1974 14:22 UTC",Molniya-M /Block L | Molniya-2 n†­41,StatusRetired,Success
RVSN USSR,"Site 43/4, Plesetsk Cosmodrome, Russia","Wed Apr 24, 1974 11:50 UTC",Vostok-2M | Meteor n†­28,StatusRetired,Success
RVSN USSR,"Site 43/4, Plesetsk Cosmodrome, Russia","Sat Apr 20, 1974 20:53 UTC",Molniya-M /Block ML | Molniya-1 n†­40,StatusRetired,Success
RVSN USSR,"Site 31/6, Baikonur Cosmodrome, Kazakhstan","Fri Apr 12, 1974 08:00 UTC",Voskhod | Zenit-4MK n†­23,StatusRetired,Failure
RVSN USSR,"Site 43/4, Plesetsk Cosmodrome, Russia","Thu Apr 11, 1974 12:22 UTC",Voskhod | Cosmos 640,StatusRetired,Success
Martin Marietta,"SLC-4E, Vandenberg AFB, California, USA","Wed Apr 10, 1974 20:20 UTC","Titan IIID | KH-9, SSF-B-25, IRCB",StatusRetired,Success
RVSN USSR,"Site 41/1, Plesetsk Cosmodrome, Russia","Thu Apr 04, 1974 08:30 UTC",Voskhod | Cosmos 639,StatusRetired,Success
RVSN USSR,"Site 31/6, Baikonur Cosmodrome, Kazakhstan","Wed Apr 03, 1974 07:30 UTC",Soyuz U | Cosmos 638,StatusRetired,Success
RVSN USSR,"Site 81/23, Baikonur Cosmodrome, Kazakhstan","Tue Mar 26, 1974 13:35 UTC",Proton K/Block-DM | Cosmos 637,StatusRetired,Success
RVSN USSR,"Site 132/2, Plesetsk Cosmodrome, Russia","Sat Mar 23, 1974 14:14 UTC",Cosmos-3M (11K65M) | Cosmos 641 to 648,StatusRetired,Success
RVSN USSR,"Site 31/6, Baikonur Cosmodrome, Kazakhstan","Wed Mar 20, 1974 08:30 UTC",Soyuz U | Cosmos 636,StatusRetired,Success
RVSN USSR,"Site 43/4, Plesetsk Cosmodrome, Russia","Thu Mar 14, 1974 10:29 UTC",Voskhod | Cosmos 635,StatusRetired,Success
RVSN USSR,"Site 133/3, Plesetsk Cosmodrome, Russia","Tue Mar 05, 1974 16:05 UTC",Cosmos-2I (63SM) | Cosmos 634,StatusRetired,Success
RVSN USSR,"Site 43/4, Plesetsk Cosmodrome, Russia","Tue Mar 05, 1974 11:38 UTC",Vostok-2M | Meteor n†­27,StatusRetired,Success
RVSN USSR,"Site 133/3, Plesetsk Cosmodrome, Russia","Wed Feb 27, 1974 11:05 UTC",Cosmos-2I (63SM) | Cosmos 633,StatusRetired,Success
ASI,"SM Launch Tab, San Marco Launch Platform, Kenya","Mon Feb 18, 1974 10:05 UTC",Scout D1 | San Marco 4,StatusRetired,Success
US Air Force,"SLC-4W, Vandenberg AFB, California, USA","Wed Feb 13, 1974 18:00 UTC",Titan III(24)B | OPS 6889,StatusRetired,Success
RVSN USSR,"Site 31/6, Baikonur Cosmodrome, Kazakhstan","Tue Feb 12, 1974 08:56 UTC",Voskhod | Cosmos 632,StatusRetired,Success
Martin Marietta,"SLC-41, Cape Canaveral AFS, Florida, USA","Mon Feb 11, 1974 13:48 UTC",Titan IIIE | Sphinx & Viking-DS,StatusRetired,Failure
RVSN USSR,"Site 132/2, Plesetsk Cosmodrome, Russia","Wed Feb 06, 1974 00:33 UTC",Cosmos-3M (11K65M) | Cosmos 631,StatusRetired,Success
ISAS,"Mu Pad, Uchinoura Space Center, Japan","Mon Feb 04, 1974 05:00 UTC",Mu-III H | Tansei 2,StatusRetired,Success
RVSN USSR,"Site 43/4, Plesetsk Cosmodrome, Russia","Wed Jan 30, 1974 11:00 UTC",Voskhod | Cosmos 630,StatusRetired,Success
RVSN USSR,"Site 1/5, Baikonur Cosmodrome, Kazakhstan","Tue Jan 29, 1974 05:29 UTC",Soyuz | Cosmos 613,StatusRetired,Success
RVSN USSR,"Site 43/4, Plesetsk Cosmodrome, Russia","Thu Jan 24, 1974 15:00 UTC",Voskhod | Cosmos 629,StatusRetired,Success
RVSN USSR,"Site 132/2, Plesetsk Cosmodrome, Russia","Thu Jan 17, 1974 10:07 UTC",Cosmos-3M (11K65M) | Cosmos 628,StatusRetired,Success
RVSN USSR,"Site 132/2, Plesetsk Cosmodrome, Russia","Sat Dec 29, 1973 04:12 UTC",Cosmos-3M (11K65M) | Cosmos 627,StatusRetired,Success
RVSN USSR,"Site 90/19, Baikonur Cosmodrome, Kazakhstan","Thu Dec 27, 1973 20:19 UTC",Tsyklon-2 | Cosmos 626,StatusRetired,Success
RVSN USSR,"Site 132/1, Plesetsk Cosmodrome, Russia","Wed Dec 26, 1973",Cosmos-3M (11K65M) | Oreol-2,StatusRetired,Success
RVSN USSR,"Site 41/1, Plesetsk Cosmodrome, Russia","Tue Dec 25, 1973 11:17 UTC",Molniya-M /Block L | Molniya-2 n†­39,StatusRetired,Success
RVSN USSR,"Site 43/4, Plesetsk Cosmodrome, Russia","Fri Dec 21, 1973 12:30 UTC",Voskhod | Cosmos 625,StatusRetired,Success
RVSN USSR,"Site 132/2, Plesetsk Cosmodrome, Russia","Wed Dec 19, 1973 09:43 UTC",Cosmos-3M (11K65M) | Cosmos 617 to 624,StatusRetired,Success
RVSN USSR,"Site 1/5, Baikonur Cosmodrome, Kazakhstan","Tue Dec 18, 1973 11:55 UTC",Soyuz | Soyuz 13,StatusRetired,Success
RVSN USSR,"Site 41/1, Plesetsk Cosmodrome, Russia","Mon Dec 17, 1973 12:00 UTC",Soyuz M | Cosmos 616,StatusRetired,Success
Martin Marietta,"SLC-40, Cape Canaveral AFS, Florida, USA","Thu Dec 13, 1973 23:57 UTC",Titan III(23)C | DSCS-II 3&4,StatusRetired,Success
RVSN USSR,"Site 133/3, Plesetsk Cosmodrome, Russia","Thu Dec 13, 1973 11:10 UTC",Cosmos-2I (63SM) | Cosmos 615,StatusRetired,Success
RVSN USSR,"Site 132/2, Plesetsk Cosmodrome, Russia","Tue Dec 04, 1973 15:00 UTC",Cosmos-3M (11K65M) | Cosmos 614,StatusRetired,Success
RVSN USSR,"Site 41/1, Plesetsk Cosmodrome, Russia","Fri Nov 30, 1973 13:08 UTC",Molniya-M /Block L | Molniya-1 n†­38,StatusRetired,Success
RVSN USSR,"Site 43/4, Plesetsk Cosmodrome, Russia","Wed Nov 28, 1973 11:43 UTC",Voskhod | Cosmos 612,StatusRetired,Success
RVSN USSR,"Site 133/3, Plesetsk Cosmodrome, Russia","Wed Nov 28, 1973 09:29 UTC",Cosmos-2I (63SM) | Cosmos 611,StatusRetired,Success
RVSN USSR,"Site 132/2, Plesetsk Cosmodrome, Russia","Tue Nov 27, 1973 00:08 UTC",Cosmos-3M (11K65M) | Cosmos 610,StatusRetired,Success
RVSN USSR,"Site 1/5, Baikonur Cosmodrome, Kazakhstan","Wed Nov 21, 1973 10:00 UTC",Voskhod | Cosmos 609,StatusRetired,Success
RVSN USSR,"Site 133/3, Plesetsk Cosmodrome, Russia","Tue Nov 20, 1973 12:29 UTC",Cosmos-2I (63SM) | Cosmos 608,StatusRetired,Success
NASA,"LC-39B, Kennedy Space Center, Florida, USA","Fri Nov 16, 1973 14:01 UTC",Saturn IB | Skylab 4,StatusRetired,Success
RVSN USSR,"Site 1/5, Baikonur Cosmodrome, Kazakhstan","Wed Nov 14, 1973 20:40 UTC",Molniya-M /Block L | Molniya-1 n†­37,StatusRetired,Success
Martin Marietta,"SLC-4E, Vandenberg AFB, California, USA","Sat Nov 10, 1973 20:09 UTC","Titan IIID | KH-9, SSF-B-24 & SSF-C-4",StatusRetired,Success
RVSN USSR,"Site 43/4, Plesetsk Cosmodrome, Russia","Sat Nov 10, 1973 12:38 UTC",Voskhod | Cosmos 607,StatusRetired,Success
General Dynamics,"SLC-36B, Cape Canaveral AFS, Florida, USA","Sat Nov 03, 1973 05:45 UTC",Atlas-SLV3D Centaur-D1A | Mariner 10,StatusRetired,Success
RVSN USSR,"Site 41/1, Plesetsk Cosmodrome, Russia","Fri Nov 02, 1973 13:01 UTC",Molniya-M /Block 2BL | Cosmos 606,StatusRetired,Success
RVSN USSR,"Site 43/3, Plesetsk Cosmodrome, Russia","Wed Oct 31, 1973 18:24 UTC",Soyuz U | Cosmos 605,StatusRetired,Success
RVSN USSR,"Site 132/2, Plesetsk Cosmodrome, Russia","Tue Oct 30, 1973 19:00 UTC",Cosmos-3M (11K65M) | Intercosmos-10,StatusRetired,Success
RVSN USSR,"Site 43/4, Plesetsk Cosmodrome, Russia","Mon Oct 29, 1973 14:00 UTC",Vostok-2M | Cosmos 604,StatusRetired,Success
RVSN USSR,"Site 41/1, Plesetsk Cosmodrome, Russia","Sat Oct 27, 1973 11:09 UTC",Voskhod | Cosmos 603,StatusRetired,Success
RVSN USSR,"Site 43/4, Plesetsk Cosmodrome, Russia","Sat Oct 20, 1973 10:14 UTC",Voskhod | Cosmos 602,StatusRetired,Success
RVSN USSR,"Site 41/1, Plesetsk Cosmodrome, Russia","Fri Oct 19, 1973 10:26 UTC",Molniya-M /Block L | Molniya-2 n†­36,StatusRetired,Success
RVSN USSR,"Site 133/3, Plesetsk Cosmodrome, Russia","Tue Oct 16, 1973 14:00 UTC",Cosmos-2I (63SM) | Cosmos 601,StatusRetired,Success
RVSN USSR,"Site 43/4, Plesetsk Cosmodrome, Russia","Tue Oct 16, 1973 12:00 UTC",Voskhod | Cosmos 600,StatusRetired,Success
RVSN USSR,"Site 1/5, Baikonur Cosmodrome, Kazakhstan","Mon Oct 15, 1973 08:45 UTC",Voskhod | Cosmos 599,StatusRetired,Success
RVSN USSR,"Site 41/1, Plesetsk Cosmodrome, Russia","Wed Oct 10, 1973 10:45 UTC",Voskhod | Cosmos 598,StatusRetired,Success
RVSN USSR,"Site 41/1, Plesetsk Cosmodrome, Russia","Sat Oct 06, 1973 12:30 UTC",Voskhod | Cosmos 597,StatusRetired,Success
RVSN USSR,"Site 41/1, Plesetsk Cosmodrome, Russia","Wed Oct 03, 1973 13:00 UTC",Voskhod | Cosmos 596,StatusRetired,Success
RVSN USSR,"Site 132/2, Plesetsk Cosmodrome, Russia","Tue Oct 02, 1973 21:46 UTC",Cosmos-3M (11K65M) | Cosmos 588 to 595,StatusRetired,Success
US Air Force,"SLC-4W, Vandenberg AFB, California, USA","Thu Sep 27, 1973 17:15 UTC",Titan III(24)B | OPS 6275,StatusRetired,Success
RVSN USSR,"Site 1/5, Baikonur Cosmodrome, Kazakhstan","Thu Sep 27, 1973 12:18 UTC",Soyuz | Soyuz 12,StatusRetired,Success
RVSN USSR,"Site 43/3, Plesetsk Cosmodrome, Russia","Fri Sep 21, 1973 13:05 UTC",Soyuz U | Cosmos 587,StatusRetired,Success
CASC,"Site 138 (LA-2B), Jiuquan Satellite Launch Center, China","Tue Sep 18, 1973 12:12 UTC",Feng Bao 1 | JSSW-1,StatusRetired,Failure
RVSN USSR,"Site 132/2, Plesetsk Cosmodrome, Russia","Fri Sep 14, 1973 00:31 UTC",Cosmos-3M (11K65M) | Cosmos 586,StatusRetired,Success
RVSN USSR,"Site 132/2, Plesetsk Cosmodrome, Russia","Sat Sep 08, 1973 01:50 UTC",Cosmos-3M (11K65M) | Cosmos 585,StatusRetired,Success
RVSN USSR,"Site 41/1, Plesetsk Cosmodrome, Russia","Thu Sep 06, 1973 10:40 UTC",Voskhod | Cosmos 584,StatusRetired,Success
RVSN USSR,"Site 1/5, Baikonur Cosmodrome, Kazakhstan","Thu Aug 30, 1973 10:30 UTC",Voskhod | Cosmos 583,StatusRetired,Success
RVSN USSR,"Site 41/1, Plesetsk Cosmodrome, Russia","Thu Aug 30, 1973 00:07 UTC",Molniya-M /Block L | Molniya-1 n†­35,StatusRetired,Success
RVSN USSR,"Site 132/2, Plesetsk Cosmodrome, Russia","Tue Aug 28, 1973 10:08 UTC",Cosmos-3M (11K65M) | Cosmos 582,StatusRetired,Success
RVSN USSR,"Site 1/5, Baikonur Cosmodrome, Kazakhstan","Fri Aug 24, 1973 10:59 UTC",Voskhod | Cosmos 581,StatusRetired,Success
General Dynamics,"SLC-36A, Cape Canaveral AFS, Florida, USA","Thu Aug 23, 1973 22:57 UTC",Atlas-SLV3D Centaur-D1A | Intelsat 4 F7,StatusRetired,Success
RVSN USSR,"Site 133/3, Plesetsk Cosmodrome, Russia","Wed Aug 22, 1973 11:24 UTC",Cosmos-2I (63SM) | Cosmos 580,StatusRetired,Success
Martin Marietta,"SLC-4W, Vandenberg AFB, California, USA","Tue Aug 21, 1973 16:07 UTC",Titan-III(33)B Agena-D | Jumpseat 3,StatusRetired,Success
RVSN USSR,"Site 41/1, Plesetsk Cosmodrome, Russia","Tue Aug 21, 1973 12:30 UTC",Voskhod | Cosmos 579,StatusRetired,Success
RVSN USSR,"Site 43/4, Plesetsk Cosmodrome, Russia","Wed Aug 01, 1973 14:00 UTC",Voskhod | Cosmos 578,StatusRetired,Success
NASA,"LC-39B, Kennedy Space Center, Florida, USA","Sat Jul 28, 1973 11:10 UTC",Saturn IB | Skylab 3,StatusRetired,Success
RVSN USSR,"Site 43/4, Plesetsk Cosmodrome, Russia","Wed Jul 25, 1973 11:30 UTC",Voskhod | Cosmos 577,StatusRetired,Success
Martin Marietta,"SLC-4E, Vandenberg AFB, California, USA","Fri Jul 13, 1973 20:24 UTC",Titan IIID | KH-9,StatusRetired,Success
RVSN USSR,"Site 41/1, Plesetsk Cosmodrome, Russia","Wed Jul 11, 1973 09:58 UTC",Molniya-M /Block L | Molniya-2 n†­34,StatusRetired,Success
RVSN USSR,"Site 43/3, Plesetsk Cosmodrome, Russia","Wed Jul 04, 1973 10:59 UTC",Voskhod | Zenit-4M n†­50,StatusRetired,Failure
RVSN USSR,"Site 41/1, Plesetsk Cosmodrome, Russia","Wed Jun 27, 1973 11:50 UTC",Soyuz M | Cosmos 576,StatusRetired,Success
RVSN USSR,"Site 132/2, Plesetsk Cosmodrome, Russia","Tue Jun 26, 1973",Cosmos-3M (11K65M) | Tselina-OM #20,StatusRetired,Failure
US Air Force,"SLC-4W, Vandenberg AFB, California, USA","Tue Jun 26, 1973",Titan III(24)B | OPS 4018,StatusRetired,Failure
RVSN USSR,"Site 43/4, Plesetsk Cosmodrome, Russia","Thu Jun 21, 1973 13:29 UTC",Voskhod | Cosmos 575,StatusRetired,Success
RVSN USSR,"Site 132/1, Plesetsk Cosmodrome, Russia","Wed Jun 20, 1973 06:16 UTC",Cosmos-3M (11K65M) | Cosmos 574,StatusRetired,Success
RVSN USSR,"Site 1/5, Baikonur Cosmodrome, Kazakhstan","Fri Jun 15, 1973 06:00 UTC",Soyuz | Cosmos 573,StatusRetired,Success
Martin Marietta,"SLC-40, Cape Canaveral AFS, Florida, USA","Tue Jun 12, 1973 07:14 UTC",Titan III(23)C | DSP-4,StatusRetired,Success
RVSN USSR,"Site 1/5, Baikonur Cosmodrome, Kazakhstan","Sun Jun 10, 1973 10:10 UTC",Voskhod | Cosmos 572,StatusRetired,Success
RVSN USSR,"Site 132/1, Plesetsk Cosmodrome, Russia","Fri Jun 08, 1973 15:50 UTC",Cosmos-3M (11K65M) | Cosmos 564 to 571,StatusRetired,Success
RVSN USSR,"Site 43/4, Plesetsk Cosmodrome, Russia","Wed Jun 06, 1973 11:30 UTC",Voskhod | Cosmos 563,StatusRetired,Success
RVSN USSR,"Site 133/3, Plesetsk Cosmodrome, Russia","Tue Jun 05, 1973 11:29 UTC",Cosmos-2I (63SM) | Cosmos 562,StatusRetired,Success
RVSN USSR,"Site 41/1, Plesetsk Cosmodrome, Russia","Tue May 29, 1973 10:16 UTC",Vostok-2M | Meteor n†­26,StatusRetired,Success
RVSN USSR,"Site 43/4, Plesetsk Cosmodrome, Russia","Fri May 25, 1973 13:30 UTC",Voskhod | Cosmos 561,StatusRetired,Success
NASA,"LC-39B, Kennedy Space Center, Florida, USA","Fri May 25, 1973 13:00 UTC",Saturn IB | Skylab 2,StatusRetired,Success
RVSN USSR,"Site 132/1, Plesetsk Cosmodrome, Russia","Fri May 25, 1973 09:15 UTC",Cosmos-3M (11K65M) | Zaliv #17,StatusRetired,Failure
RVSN USSR,"Site 86/1, Kapustin Yar, Russia","Thu May 24, 1973 03:50 UTC",Cosmos-3MRB (65MRB) | BOR-3 Shuttle,StatusRetired,Success
RVSN USSR,"Site 43/4, Plesetsk Cosmodrome, Russia","Wed May 23, 1973 10:30 UTC",Voskhod | Cosmos 560,StatusRetired,Success
CNES,"ELD, Guiana Space Centre, French Guiana, France","Tue May 22, 1973 21:37 UTC",Diamant B | Castor & Pollux,StatusRetired,Failure
RVSN USSR,"Site 43/3, Plesetsk Cosmodrome, Russia","Fri May 18, 1973 11:00 UTC",Soyuz U | Cosmos 559,StatusRetired,Success
RVSN USSR,"Site 133/3, Plesetsk Cosmodrome, Russia","Thu May 17, 1973 13:19 UTC",Cosmos-2I (63SM) | Cosmos 558,StatusRetired,Success
US Air Force,"SLC-4W, Vandenberg AFB, California, USA","Wed May 16, 1973 16:40 UTC",Titan III(24)B | OPS 2093,StatusRetired,Success
NASA,"LC-39A, Kennedy Space Center, Florida, USA","Mon May 14, 1973 17:30 UTC",Saturn V | Skylab 1,StatusRetired,Success
RVSN USSR,"Site 41/1, Plesetsk Cosmodrome, Russia","Sat May 05, 1973 07:00 UTC",Voskhod | Cosmos 554,StatusRetired,Success
RVSN USSR,"Site 43/4, Plesetsk Cosmodrome, Russia","Wed Apr 25, 1973 10:45 UTC",Voskhod | Cosmos 555,StatusRetired,Success
RVSN USSR,"Site 90/19, Baikonur Cosmodrome, Kazakhstan","Wed Apr 25, 1973 09:10 UTC",Tsyklon-2 | Cosmos 556,StatusRetired,Failure
RVSN USSR,"Site 86/1, Kapustin Yar, Russia","Thu Apr 19, 1973 10:20 UTC",Cosmos-2I (63SM) | Intercosmos-9,StatusRetired,Success
RVSN USSR,"Site 43/4, Plesetsk Cosmodrome, Russia","Thu Apr 19, 1973 08:59 UTC",Voskhod | Cosmos 554,StatusRetired,Success
RVSN USSR,"Site 133/3, Plesetsk Cosmodrome, Russia","Thu Apr 12, 1973 11:49 UTC",Cosmos-2I (63SM) | Cosmos 553,StatusRetired,Success
General Dynamics,"SLC-36B, Cape Canaveral AFS, Florida, USA","Fri Apr 06, 1973 02:11 UTC",Atlas-SLV3D Centaur-D1A | Pioneer 11,StatusRetired,Success
RVSN USSR,"Site 41/1, Plesetsk Cosmodrome, Russia","Thu Apr 05, 1973 11:11 UTC",Molniya-M /Block L | Molniya-2 n†­33,StatusRetired,Success
RVSN USSR,"Site 81/23, Baikonur Cosmodrome, Kazakhstan","Tue Apr 03, 1973 09:00 UTC",Proton K | Saliout-2,StatusRetired,Success
RVSN USSR,"Site 43/4, Plesetsk Cosmodrome, Russia","Thu Mar 22, 1973 10:00 UTC",Voskhod | Cosmos 552,StatusRetired,Success
RVSN USSR,"Site 41/1, Plesetsk Cosmodrome, Russia","Tue Mar 20, 1973 11:20 UTC",Vostok-2M | Meteor n†­25,StatusRetired,Success
Martin Marietta,"SLC-4E, Vandenberg AFB, California, USA","Fri Mar 09, 1973 21:00 UTC",Titan IIID | KH-9,StatusRetired,Success
General Dynamics,"LC-13, Cape Canaveral AFS, Florida, USA","Tue Mar 06, 1973 09:30 UTC",Atlas-SLV3A Agena-D | AFP-720 (Rhyolite-2),StatusRetired,Success
RVSN USSR,"Site 31/6, Baikonur Cosmodrome, Kazakhstan","Tue Mar 06, 1973 09:20 UTC",Voskhod | Cosmos 551,StatusRetired,Success
RVSN USSR,"Site 41/1, Plesetsk Cosmodrome, Russia","Thu Mar 01, 1973 12:40 UTC",Voskhod | Cosmos 550,StatusRetired,Success
RVSN USSR,"Site 132/1, Plesetsk Cosmodrome, Russia","Wed Feb 28, 1973 04:37 UTC",Cosmos-3M (11K65M) | Cosmos 549,StatusRetired,Success
RVSN USSR,"Site 31/6, Baikonur Cosmodrome, Kazakhstan","Thu Feb 15, 1973",Molniya-M /Block SO-L | Prognoz n†­3,StatusRetired,Success
RVSN USSR,"Site 43/4, Plesetsk Cosmodrome, Russia","Thu Feb 08, 1973 13:15 UTC",Voskhod | Cosmos 548,StatusRetired,Success
RVSN USSR,"Site 1/5, Baikonur Cosmodrome, Kazakhstan","Sat Feb 03, 1973 05:48 UTC",Molniya-M /Block L | Molniya-1 n†­32,StatusRetired,Success
RVSN USSR,"Site 31/6, Baikonur Cosmodrome, Kazakhstan","Thu Feb 01, 1973 08:30 UTC",Voskhod | Cosmos 547,StatusRetired,Success
RVSN USSR,"Site 107/1, Kapustin Yar, Russia","Fri Jan 26, 1973 11:44 UTC",Cosmos-3M (11K65M) | Cosmos 546,StatusRetired,Success
RVSN USSR,"Site 133/3, Plesetsk Cosmodrome, Russia","Wed Jan 24, 1973 11:44 UTC",Cosmos-2I (63SM) | Cosmos 545,StatusRetired,Success
RVSN USSR,"Site 132/1, Plesetsk Cosmodrome, Russia","Sat Jan 20, 1973 03:36 UTC",Cosmos-3M (11K65M) | Cosmos 544,StatusRetired,Success
RVSN USSR,"Site 31/6, Baikonur Cosmodrome, Kazakhstan","Thu Jan 11, 1973 10:00 UTC",Voskhod | Cosmos 543,StatusRetired,Success
RVSN USSR,"Site 43/4, Plesetsk Cosmodrome, Russia","Thu Dec 28, 1972 11:00 UTC",Vostok-2M | Cosmos 542,StatusRetired,Partial Failure
RVSN USSR,"Site 41/1, Plesetsk Cosmodrome, Russia","Wed Dec 27, 1972 10:30 UTC",Soyuz M | Cosmos 541,StatusRetired,Success
RVSN USSR,"Site 132/2, Plesetsk Cosmodrome, Russia","Mon Dec 25, 1972 23:05 UTC",Cosmos-3M (11K65M) | Cosmos 540,StatusRetired,Success
US Air Force,"SLC-4W, Vandenberg AFB, California, USA","Thu Dec 21, 1972 17:45 UTC",Titan III(24)B | OPS 3978,StatusRetired,Success
RVSN USSR,"Site 132/2, Plesetsk Cosmodrome, Russia","Thu Dec 21, 1972 02:05 UTC",Cosmos-3M (11K65M) | Cosmos 539,StatusRetired,Success
General Dynamics,"LC-13, Cape Canaveral AFS, Florida, USA","Wed Dec 20, 1972 22:20 UTC",Atlas-SLV3A Agena-D | AFP-827 (Canyon-5),StatusRetired,Success
NASA,"LC-39A, Kennedy Space Center, Florida, USA","Tue Dec 19, 1972 19:24 UTC",Saturn V | Apollo 17,StatusRetired,Success
RVSN USSR,"Site 43/4, Plesetsk Cosmodrome, Russia","Thu Dec 14, 1972 13:40 UTC",Voskhod | Cosmos 538,StatusRetired,Success
RVSN USSR,"Site 41/1, Plesetsk Cosmodrome, Russia","Tue Dec 12, 1972 06:51 UTC",Molniya-M /Block L | Molniya-2 n†­31,StatusRetired,Success
RVSN USSR,"Site 1/5, Baikonur Cosmodrome, Kazakhstan","Sat Dec 02, 1972 04:39 UTC",Molniya-M /Block L | Molniya-1 n†­30,StatusRetired,Success
RVSN USSR,"Site 86/1, Kapustin Yar, Russia","Thu Nov 30, 1972 21:49 UTC",Cosmos-2I (63SM) | Intercosmos-8,StatusRetired,Success
RVSN USSR,"Site 31/6, Baikonur Cosmodrome, Kazakhstan","Sat Nov 25, 1972 09:10 UTC",Voskhod | Cosmos 537,StatusRetired,Success
RVSN USSR,"Site 110/37, Baikonur Cosmodrome, Kazakhstan","Thu Nov 23, 1972 06:11 UTC",N1-L3 | 7L (Soyuz 7K-LOK No.1),StatusRetired,Failure
ASI,"SM Launch Tab, San Marco Launch Platform, Kenya","Wed Nov 15, 1972 22:13 UTC",Scout D1 | Explorer 48,StatusRetired,Success
RVSN USSR,"Site 132/1, Plesetsk Cosmodrome, Russia","Fri Nov 03, 1972 01:34 UTC",Cosmos-3M (11K65M) | Cosmos 536,StatusRetired,Success
RVSN USSR,"Site 132/2, Plesetsk Cosmodrome, Russia","Wed Nov 01, 1972 12:08 UTC",Cosmos-3M (11K65M) | Cosmos 528 to 535,StatusRetired,Success
RVSN USSR,"Site 43/4, Plesetsk Cosmodrome, Russia","Tue Oct 31, 1972 13:29 UTC",Voskhod | Cosmos 527,StatusRetired,Success
RVSN USSR,"Site 43/4, Plesetsk Cosmodrome, Russia","Thu Oct 26, 1972 22:05 UTC",Vostok-2M | Meteor n†­24,StatusRetired,Success
RVSN USSR,"Site 133/3, Plesetsk Cosmodrome, Russia","Wed Oct 25, 1972 10:39 UTC",Cosmos-2I (63SM) | Cosmos 526,StatusRetired,Success
RVSN USSR,"Site 43/4, Plesetsk Cosmodrome, Russia","Wed Oct 18, 1972 11:59 UTC",Voskhod | Cosmos 525,StatusRetired,Success
RVSN USSR,"Site 132/1, Plesetsk Cosmodrome, Russia","Tue Oct 17, 1972 19:59 UTC",Cosmos-3M (11K65M) | Strela-2M satellite,StatusRetired,Failure
RVSN USSR,"Site 41/1, Plesetsk Cosmodrome, Russia","Sat Oct 14, 1972 06:16 UTC",Molniya-M /Block L | Molniya-1 n†­29,StatusRetired,Success
RVSN USSR,"Site 133/3, Plesetsk Cosmodrome, Russia","Wed Oct 11, 1972 13:19 UTC",Cosmos-2I (63SM) | Cosmos 524,StatusRetired,Success
Martin Marietta,"SLC-4E, Vandenberg AFB, California, USA","Tue Oct 10, 1972 18:03 UTC",Titan IIID | KH-9 & SSF-C-3,StatusRetired,Success
RVSN USSR,"Site 133/3, Plesetsk Cosmodrome, Russia","Thu Oct 05, 1972 11:30 UTC",Cosmos-2I (63SM) | Cosmos 523,StatusRetired,Success
RVSN USSR,"Site 41/1, Plesetsk Cosmodrome, Russia","Wed Oct 04, 1972 12:00 UTC",Voskhod | Cosmos 522,StatusRetired,Success
General Dynamics,"LC-576A1, Vandenberg AFB, California, USA","Mon Oct 02, 1972 20:10 UTC",Atlas-E/F Burner | P72-1,StatusRetired,Success
RVSN USSR,"Site 41/1, Plesetsk Cosmodrome, Russia","Sat Sep 30, 1972 20:19 UTC",Molniya-M /Block L | Molniya-2 n†­28,StatusRetired,Success
RVSN USSR,"Site 132/2, Plesetsk Cosmodrome, Russia","Fri Sep 29, 1972 20:19 UTC",Cosmos-3M (11K65M) | Cosmos 521,StatusRetired,Success
RVSN USSR,"Site 41/1, Plesetsk Cosmodrome, Russia","Tue Sep 19, 1972 19:19 UTC",Molniya-M /Block 2BL | Cosmos 520,StatusRetired,Success
RVSN USSR,"Site 31/6, Baikonur Cosmodrome, Kazakhstan","Sat Sep 16, 1972 08:20 UTC",Voskhod | Cosmos 519,StatusRetired,Success
RVSN USSR,"Site 43/4, Plesetsk Cosmodrome, Russia","Fri Sep 15, 1972 09:40 UTC",Voskhod | Cosmos 518,StatusRetired,Success
RVSN USSR,"Site 43/4, Plesetsk Cosmodrome, Russia","Sat Sep 02, 1972 10:49 UTC",Voskhod | Zenit-4M n†­40,StatusRetired,Failure
US Air Force,"SLC-4W, Vandenberg AFB, California, USA","Fri Sep 01, 1972 17:45 UTC",Titan III(24)B | OPS 8888,StatusRetired,Success
RVSN USSR,"Site 31/6, Baikonur Cosmodrome, Kazakhstan","Wed Aug 30, 1972 08:19 UTC",Voskhod | Cosmos 517,StatusRetired,Success
RVSN USSR,"Site 86/1, Kapustin Yar, Russia","Wed Aug 30, 1972 05:58 UTC",Cosmos-2I (63SM) | Intercosmos-7,StatusRetired,Success
RVSN USSR,"Site 90/19, Baikonur Cosmodrome, Kazakhstan","Mon Aug 21, 1972 10:36 UTC",Tsyklon-2 | Cosmos 516,StatusRetired,Success
General Dynamics,"SLC-36B, Cape Canaveral AFS, Florida, USA","Mon Aug 21, 1972 10:28 UTC",Atlas-SLV3C Centaur-D | OAO-3,StatusRetired,Success
ISAS,"Mu Pad, Uchinoura Space Center, Japan","Sat Aug 19, 1972 02:40 UTC",Mu-IV S | Denpa,StatusRetired,Success
RVSN USSR,"Site 43/4, Plesetsk Cosmodrome, Russia","Fri Aug 18, 1972 10:00 UTC",Voskhod | Cosmos 515,StatusRetired,Success
RVSN USSR,"Site 132/2, Plesetsk Cosmodrome, Russia","Wed Aug 16, 1972 13:40 UTC",Cosmos-3M (11K65M) | Cosmos 514,StatusRetired,Success
CASC,"Site 138 (LA-2B), Jiuquan Satellite Launch Center, China","Thu Aug 10, 1972 00:32 UTC",Feng Bao 1 | Shiyan Peizhong,StatusRetired,Success
RVSN USSR,"Site 31/6, Baikonur Cosmodrome, Kazakhstan","Wed Aug 02, 1972 08:15 UTC",Voskhod | Cosmos 513,StatusRetired,Success
RVSN USSR,"Site 81/23, Baikonur Cosmodrome, Kazakhstan","Sat Jul 29, 1972 03:20 UTC",Proton K/Block D | DOS-2,StatusRetired,Failure
RVSN USSR,"Site 132/2, Plesetsk Cosmodrome, Russia","Thu Jul 20, 1972 18:10 UTC",Cosmos-3M (11K65M) | Cosmos 504 to 511,StatusRetired,Success
RVSN USSR,"Site 43/3, Plesetsk Cosmodrome, Russia","Wed Jul 19, 1972 13:45 UTC",Voskhod | Cosmos 503,StatusRetired,Success
RVSN USSR,"Site 43/4, Plesetsk Cosmodrome, Russia","Thu Jul 13, 1972 14:30 UTC",Soyuz M | Cosmos 502,StatusRetired,Partial Failure
RVSN USSR,"Site 86/1, Kapustin Yar, Russia","Wed Jul 12, 1972 05:59 UTC",Cosmos-2I (63SM) | Cosmos 501,StatusRetired,Success
RVSN USSR,"Site 132/2, Plesetsk Cosmodrome, Russia","Mon Jul 10, 1972 06:15 UTC",Cosmos-3M (11K65M) | Cosmos 500,StatusRetired,Success
Martin Marietta,"SLC-4E, Vandenberg AFB, California, USA","Fri Jul 07, 1972 17:46 UTC",Titan IIID | KH-9 & SSF-B-23,StatusRetired,Success
RVSN USSR,"Site 31/6, Baikonur Cosmodrome, Kazakhstan","Thu Jul 06, 1972 10:40 UTC",Voskhod | Cosmos 499,StatusRetired,Success
RVSN USSR,"Site 133/3, Plesetsk Cosmodrome, Russia","Wed Jul 05, 1972 09:29 UTC",Cosmos-2I (63SM) | Cosmos 498,StatusRetired,Success
RVSN USSR,"Site 1/5, Baikonur Cosmodrome, Kazakhstan","Sun Jul 02, 1972 07:20 UTC",Soyuz | Cosmos 496,StatusRetired,Success
RVSN USSR,"Site 41/1, Plesetsk Cosmodrome, Russia","Fri Jun 30, 1972 18:52 UTC",Vostok-2M | Meteor n†­23,StatusRetired,Success
RVSN USSR,"Site 133/3, Plesetsk Cosmodrome, Russia","Fri Jun 30, 1972 06:19 UTC",Cosmos-2I (63SM) | Cosmos 497,StatusRetired,Success
RVSN USSR,"Site 31/6, Baikonur Cosmodrome, Kazakhstan","Thu Jun 29, 1972",Molniya-M /Block SO-L | Prognoz n†­2,StatusRetired,Success
RVSN USSR,"Site 43/3, Plesetsk Cosmodrome, Russia","Fri Jun 23, 1972 11:19 UTC",Voskhod | Cosmos 495,StatusRetired,Success
RVSN USSR,"Site 132/2, Plesetsk Cosmodrome, Russia","Fri Jun 23, 1972 09:24 UTC",Cosmos-3M (11K65M) | Cosmos 494,StatusRetired,Success
RVSN USSR,"Site 31/6, Baikonur Cosmodrome, Kazakhstan","Wed Jun 21, 1972 06:25 UTC",Voskhod | Cosmos 493,StatusRetired,Success
General Dynamics,"SLC-36B, Cape Canaveral AFS, Florida, USA","Tue Jun 13, 1972 21:53 UTC",Atlas-SLV3C Centaur-D | Intelsat 4 F5,StatusRetired,Success
RVSN USSR,"Site 31/6, Baikonur Cosmodrome, Kazakhstan","Fri Jun 09, 1972 06:59 UTC",Voskhod | Cosmos 492,StatusRetired,Success
RVSN USSR,"Site 31/6, Baikonur Cosmodrome, Kazakhstan","Thu May 25, 1972 06:35 UTC",Voskhod | Cosmos 491,StatusRetired,Success
US Air Force,"SLC-4W, Vandenberg AFB, California, USA","Sat May 20, 1972 15:30 UTC",Titan III(24)B | OPS 6574,StatusRetired,Failure
RVSN USSR,"Site 43/4, Plesetsk Cosmodrome, Russia","Fri May 19, 1972 14:30 UTC",Molniya-M /Block L | Molniya-2 n†­27,StatusRetired,Success
RVSN USSR,"Site 43/3, Plesetsk Cosmodrome, Russia","Wed May 17, 1972 10:19 UTC",Voskhod | Cosmos 490,StatusRetired,Success
RVSN USSR,"Site 132/1, Plesetsk Cosmodrome, Russia","Sat May 06, 1972 11:24 UTC",Cosmos-3M (11K65M) | Cosmos 489,StatusRetired,Success
RVSN USSR,"Site 43/4, Plesetsk Cosmodrome, Russia","Fri May 05, 1972 11:20 UTC",Voskhod | Cosmos 488,StatusRetired,Success
RVSN USSR,"Site 133/3, Plesetsk Cosmodrome, Russia","Tue Apr 25, 1972 11:30 UTC",Cosmos-2I (63SM) | DS-P1-You #51,StatusRetired,Failure
RVSN USSR,"Site 133/3, Plesetsk Cosmodrome, Russia","Fri Apr 21, 1972 12:00 UTC",Cosmos-2I (63SM) | Cosmos 487,StatusRetired,Success
NASA,"LC-39A, Kennedy Space Center, Florida, USA","Sun Apr 16, 1972 17:54 UTC",Saturn V | Apollo 16,StatusRetired,Success
RVSN USSR,"Site 43/3, Plesetsk Cosmodrome, Russia","Fri Apr 14, 1972 18:00 UTC",Voskhod | Cosmos 486,StatusRetired,Success
RVSN USSR,"Site 31/6, Baikonur Cosmodrome, Kazakhstan","Wed Apr 12, 1972",Molniya-M /Block SO-L | Prognoz n†­1,StatusRetired,Success
RVSN USSR,"Site 133/3, Plesetsk Cosmodrome, Russia","Tue Apr 11, 1972 11:04 UTC",Cosmos-2I (63SM) | Cosmos 485,StatusRetired,Success
RVSN USSR,"Site 31/6, Baikonur Cosmodrome, Kazakhstan","Fri Apr 07, 1972",Voskhod | Intercosmos-6,StatusRetired,Success
RVSN USSR,"Site 43/3, Plesetsk Cosmodrome, Russia","Thu Apr 06, 1972 08:00 UTC",Voskhod | Cosmos 484,StatusRetired,Success
RVSN USSR,"Site 43/4, Plesetsk Cosmodrome, Russia","Tue Apr 04, 1972 20:38 UTC",Molniya-M /Block L | Molniya-1 n†­26 & SRET-1,StatusRetired,Success
RVSN USSR,"Site 41/1, Plesetsk Cosmodrome, Russia","Mon Apr 03, 1972 10:15 UTC",Voskhod | Cosmos 483,StatusRetired,Success
RVSN USSR,"Site 31/6, Baikonur Cosmodrome, Kazakhstan","Fri Mar 31, 1972 04:02 UTC",Molniya-M /Block NVL | Cosmos 482,StatusRetired,Partial Failure
RVSN USSR,"Site 41/1, Plesetsk Cosmodrome, Russia","Thu Mar 30, 1972 14:05 UTC",Vostok-2M | Meteor n†­22,StatusRetired,Success
RVSN USSR,"Site 31/6, Baikonur Cosmodrome, Kazakhstan","Mon Mar 27, 1972 04:15 UTC",Molniya-M /Block NVL | Venera 8,StatusRetired,Success
RVSN USSR,"Site 133/3, Plesetsk Cosmodrome, Russia","Sat Mar 25, 1972 10:40 UTC",Cosmos-2I (63SM) | Cosmos 481,StatusRetired,Success
RVSN USSR,"Site 132/2, Plesetsk Cosmodrome, Russia","Sat Mar 25, 1972 02:20 UTC",Cosmos-3M (11K65M) | Cosmos 480,StatusRetired,Success
RVSN USSR,"Site 132/2, Plesetsk Cosmodrome, Russia","Wed Mar 22, 1972 20:31 UTC",Cosmos-3M (11K65M) | Cosmos 479,StatusRetired,Success
US Air Force,"SLC-4W, Vandenberg AFB, California, USA","Fri Mar 17, 1972 17:00 UTC",Titan III(24)B | OPS 1678,StatusRetired,Success
RVSN USSR,"Site 43/3, Plesetsk Cosmodrome, Russia","Wed Mar 15, 1972 13:00 UTC",Voskhod | Cosmos 478,StatusRetired,Success
RVSN USSR,"Site 41/1, Plesetsk Cosmodrome, Russia","Sat Mar 04, 1972 10:00 UTC",Voskhod | Cosmos 477,StatusRetired,Success
General Dynamics,"SLC-36A, Cape Canaveral AFS, Florida, USA","Fri Mar 03, 1972 01:49 UTC",Atlas-SLV3C Centaur-D | Pioneer 10,StatusRetired,Success
RVSN USSR,"Site 43/4, Plesetsk Cosmodrome, Russia","Wed Mar 01, 1972 11:15 UTC",Vostok-2M | Cosmos 476,StatusRetired,Success
Martin Marietta,"SLC-40, Cape Canaveral AFS, Florida, USA","Wed Mar 01, 1972 09:39 UTC",Titan III(23)C | DSP-3,StatusRetired,Success
RVSN USSR,"Site 132/2, Plesetsk Cosmodrome, Russia","Fri Feb 25, 1972 07:52 UTC",Cosmos-3M (11K65M) | Cosmos 475,StatusRetired,Success
Martin Marietta,"SLC-4W, Vandenberg AFB, California, USA","Wed Feb 16, 1972 09:59 UTC",Titan-III(33)B Agena-D | Jumpseat 2,StatusRetired,Failure
RVSN USSR,"Site 31/6, Baikonur Cosmodrome, Kazakhstan","Wed Feb 16, 1972 09:30 UTC",Voskhod | Cosmos 474,StatusRetired,Success
RVSN USSR,"Site 81/24, Baikonur Cosmodrome, Kazakhstan","Mon Feb 14, 1972 03:27 UTC",Proton K/Block D | Luna-20,StatusRetired,Success
RVSN USSR,"Site 86/1, Kapustin Yar, Russia","Tue Feb 08, 1972 05:59 UTC",Cosmos-3MRB (65MRB) | BOR-2 Shuttle,StatusRetired,Success
RVSN USSR,"Site 31/6, Baikonur Cosmodrome, Kazakhstan","Thu Feb 03, 1972 08:40 UTC",Voskhod | Cosmos 473,StatusRetired,Success
RVSN USSR,"Site 133/3, Plesetsk Cosmodrome, Russia","Tue Jan 25, 1972 11:15 UTC",Cosmos-2I (63SM) | Cosmos 472,StatusRetired,Success
General Dynamics,"SLC-36B, Cape Canaveral AFS, Florida, USA","Sun Jan 23, 1972 00:12 UTC",Atlas-SLV3C Centaur-D | Intelsat 4 F4,StatusRetired,Success
Martin Marietta,"SLC-4E, Vandenberg AFB, California, USA","Thu Jan 20, 1972 18:36 UTC",Titan IIID | KH-9 & SSF-B-22,StatusRetired,Success
RVSN USSR,"Site 31/6, Baikonur Cosmodrome, Kazakhstan","Wed Jan 12, 1972 09:59 UTC",Voskhod | Cosmos 471,StatusRetired,Success
RVSN USSR,"Site 43/4, Plesetsk Cosmodrome, Russia","Wed Dec 29, 1971 10:50 UTC",Vostok-2M | Meteor n†­21,StatusRetired,Success
RVSN USSR,"Site 132/1, Plesetsk Cosmodrome, Russia","Mon Dec 27, 1971",Cosmos-3M (11K65M) | Oreol,StatusRetired,Success
RVSN USSR,"Site 41/1, Plesetsk Cosmodrome, Russia","Mon Dec 27, 1971 14:04 UTC",Soyuz M | Cosmos 470,StatusRetired,Partial Failure
RVSN USSR,"Site 90/19, Baikonur Cosmodrome, Kazakhstan","Sat Dec 25, 1971 11:29 UTC",Tsyklon-2 | Cosmos 469,StatusRetired,Success
General Dynamics,"SLC-36A, Cape Canaveral AFS, Florida, USA","Mon Dec 20, 1971 01:10 UTC",Atlas-SLV3C Centaur-D | Intelsat 4 F3,StatusRetired,Success
RVSN USSR,"Site 43/4, Plesetsk Cosmodrome, Russia","Sun Dec 19, 1971 22:50 UTC",Molniya-M /Block L | Molniya-1 n†­25,StatusRetired,Success
RVSN USSR,"Site 132/2, Plesetsk Cosmodrome, Russia","Fri Dec 17, 1971 13:00 UTC",Cosmos-3M (11K65M) | Cosmos 468,StatusRetired,Success
RVSN USSR,"Site 133/3, Plesetsk Cosmodrome, Russia","Fri Dec 17, 1971 10:39 UTC",Cosmos-2I (63SM) | Cosmos 467,StatusRetired,Success
RVSN USSR,"Site 31/6, Baikonur Cosmodrome, Kazakhstan","Thu Dec 16, 1971 09:39 UTC",Voskhod | Cosmos 466,StatusRetired,Success
RVSN USSR,"Site 132/2, Plesetsk Cosmodrome, Russia","Wed Dec 15, 1971 04:31 UTC",Cosmos-3M (11K65M) | Cosmos 465,StatusRetired,Success
RVSN USSR,"Site 43/3, Plesetsk Cosmodrome, Russia","Fri Dec 10, 1971 11:00 UTC",Voskhod | Cosmos 464,StatusRetired,Success
RVSN USSR,"Site 31/6, Baikonur Cosmodrome, Kazakhstan","Mon Dec 06, 1971 09:50 UTC",Voskhod | Cosmos 463,StatusRetired,Success
CNES,"ELD, Guiana Space Centre, French Guiana, France","Sun Dec 05, 1971 15:30 UTC",Diamant B | Polaire,StatusRetired,Failure
General Dynamics,"LC-13, Cape Canaveral AFS, Florida, USA","Sat Dec 04, 1971 22:33 UTC",Atlas-SLV3A Agena-D | AFP-827 (Canyon-4),StatusRetired,Failure
RVSN USSR,"Site 90/20, Baikonur Cosmodrome, Kazakhstan","Fri Dec 03, 1971 13:19 UTC",Tsyklon-2 | Cosmos 462,StatusRetired,Success
RVSN USSR,"Site 43/4, Plesetsk Cosmodrome, Russia","Fri Dec 03, 1971 13:00 UTC",Voskhod | Zenit-2M n†­25,StatusRetired,Failure
RVSN USSR,"Site 132/1, Plesetsk Cosmodrome, Russia","Thu Dec 02, 1971",Cosmos-3M (11K65M) | Cosmos 461,StatusRetired,Success
RVSN USSR,"Site 86/1, Kapustin Yar, Russia","Thu Dec 02, 1971 08:25 UTC",Cosmos-2I (63SM) | Intercosmos-5,StatusRetired,Success
RVSN USSR,"Site 132/2, Plesetsk Cosmodrome, Russia","Tue Nov 30, 1971 16:39 UTC",Cosmos-3M (11K65M) | Cosmos 460,StatusRetired,Success
RVSN USSR,"Site 132/1, Plesetsk Cosmodrome, Russia","Mon Nov 29, 1971 17:30 UTC",Cosmos-3M (11K65M) | Cosmos 459,StatusRetired,Success
RVSN USSR,"Site 133/3, Plesetsk Cosmodrome, Russia","Mon Nov 29, 1971 10:09 UTC",Cosmos-2I (63SM) | Cosmos 458,StatusRetired,Success
RVSN USSR,"Site 43/4, Plesetsk Cosmodrome, Russia","Wed Nov 24, 1971 09:30 UTC",Molniya-M /Block L | Molniya-2 n†­24,StatusRetired,Success
RVSN USSR,"Site 132/2, Plesetsk Cosmodrome, Russia","Sat Nov 20, 1971 18:00 UTC",Cosmos-3M (11K65M) | Cosmos 457,StatusRetired,Success
RVSN USSR,"Site 43/3, Plesetsk Cosmodrome, Russia","Fri Nov 19, 1971 12:00 UTC",Voskhod | Cosmos 456,StatusRetired,Partial Failure
RVSN USSR,"Site 133/3, Plesetsk Cosmodrome, Russia","Wed Nov 17, 1971 11:09 UTC",Cosmos-2I (63SM) | Cosmos 455,StatusRetired,Success
ASI,"SM Launch Tab, San Marco Launch Platform, Kenya","Mon Nov 15, 1971 05:52 UTC",Scout B | Explorer 45,StatusRetired,Success
CECLES,"ELA-1, Guiana Space Centre, French Guiana, France","Thu Nov 04, 1971 21:10 UTC",Europa 2 | Test flight,StatusRetired,Failure
Martin Marietta,"SLC-40, Cape Canaveral AFS, Florida, USA","Wed Nov 03, 1971 03:09 UTC",Titan III(23)C | DSCS-II 1&2,StatusRetired,Success
RVSN USSR,"Site 41/1, Plesetsk Cosmodrome, Russia","Tue Nov 02, 1971 14:25 UTC",Voskhod | Cosmos 454,StatusRetired,Success
RAE,"LA-5B, RAAF Woomera Range Complex, Australia","Thu Oct 28, 1971 04:09 UTC",Black Arrow | Prospero,StatusRetired,Success
US Air Force,"SLC-4W, Vandenberg AFB, California, USA","Sat Oct 23, 1971 17:16 UTC",Titan III(24)B | OPS 7616,StatusRetired,Success
RVSN USSR,"Site 133/3, Plesetsk Cosmodrome, Russia","Tue Oct 19, 1971 12:40 UTC",Cosmos-2I (63SM) | Cosmos 453,StatusRetired,Success
RVSN USSR,"Site 31/6, Baikonur Cosmodrome, Kazakhstan","Thu Oct 14, 1971 09:00 UTC",Voskhod | Cosmos 452,StatusRetired,Success
RVSN USSR,"Site 132/2, Plesetsk Cosmodrome, Russia","Wed Oct 13, 1971 13:41 UTC",Cosmos-3M (11K65M) | Cosmos 444 to 451,StatusRetired,Success
RVSN USSR,"Site 43/3, Plesetsk Cosmodrome, Russia","Thu Oct 07, 1971 12:30 UTC",Voskhod | Cosmos 443,StatusRetired,Success
RVSN USSR,"Site 43/3, Plesetsk Cosmodrome, Russia","Wed Sep 29, 1971 11:30 UTC",Voskhod | Cosmos 442,StatusRetired,Success
RVSN USSR,"Site 81/24, Baikonur Cosmodrome, Kazakhstan","Tue Sep 28, 1971 10:00 UTC",Proton K/Block D | Luna-19,StatusRetired,Success
RVSN USSR,"Site 31/6, Baikonur Cosmodrome, Kazakhstan","Tue Sep 28, 1971 07:40 UTC",Voskhod | Cosmos 441,StatusRetired,Success
ISAS,"Mu Pad, Uchinoura Space Center, Japan","Tue Sep 28, 1971 04:00 UTC",Mu-IV S | Shinsei,StatusRetired,Success
RVSN USSR,"Site 133/3, Plesetsk Cosmodrome, Russia","Fri Sep 24, 1971 10:30 UTC",Cosmos-2I (63SM) | Cosmos 440,StatusRetired,Success
RVSN USSR,"Site 43/3, Plesetsk Cosmodrome, Russia","Tue Sep 21, 1971 12:00 UTC",Voskhod | Cosmos 439,StatusRetired,Success
RVSN USSR,"Site 41/1, Plesetsk Cosmodrome, Russia","Tue Sep 14, 1971 13:00 UTC",Voskhod | Cosmos 438,StatusRetired,Success
RVSN USSR,"Site 132/2, Plesetsk Cosmodrome, Russia","Fri Sep 10, 1971 03:38 UTC",Cosmos-3M (11K65M) | Cosmos 437,StatusRetired,Success
RVSN USSR,"Site 132/2, Plesetsk Cosmodrome, Russia","Tue Sep 07, 1971 01:15 UTC",Cosmos-3M (11K65M) | Cosmos 436,StatusRetired,Success
RVSN USSR,"Site 81/24, Baikonur Cosmodrome, Kazakhstan","Thu Sep 02, 1971 13:40 UTC",Proton K/Block D | Luna-18,StatusRetired,Success
RVSN USSR,"Site 133/3, Plesetsk Cosmodrome, Russia","Fri Aug 27, 1971 10:54 UTC",Cosmos-2I (63SM) | Cosmos 435,StatusRetired,Success
RVSN USSR,"Site 31/6, Baikonur Cosmodrome, Kazakhstan","Thu Aug 19, 1971 06:30 UTC",Voskhod | Zenit-2M n†­22,StatusRetired,Failure
US Air Force,"SLC-4W, Vandenberg AFB, California, USA","Thu Aug 12, 1971 15:30 UTC",Titan III(24)B | OPS 8607,StatusRetired,Success
RVSN USSR,"Site 161/35, Baikonur Cosmodrome, Kazakhstan","Sun Aug 08, 1971 23:45 UTC",Tsyklon | Cosmos 433,StatusRetired,Success
General Dynamics,"LC-576A2, Vandenberg AFB, California, USA","Sat Aug 07, 1971 00:11 UTC",Atlas-E/F OV1 | OV1-20 OV1-21,StatusRetired,Success
RVSN USSR,"Site 31/6, Baikonur Cosmodrome, Kazakhstan","Thu Aug 05, 1971 10:00 UTC",Voskhod | Cosmos 432,StatusRetired,Success
RVSN USSR,"Site 133/3, Plesetsk Cosmodrome, Russia","Tue Aug 03, 1971 11:00 UTC",Cosmos-2I (63SM) | DS-P1-You #33,StatusRetired,Failure
RVSN USSR,"Site 31/6, Baikonur Cosmodrome, Kazakhstan","Fri Jul 30, 1971 08:29 UTC",Voskhod | Cosmos 431,StatusRetired,Success
RVSN USSR,"Site 43/4, Plesetsk Cosmodrome, Russia","Wed Jul 28, 1971 10:19 UTC",Voskhod | Cosmos 512,StatusRetired,Success
RVSN USSR,"Site 43/4, Plesetsk Cosmodrome, Russia","Wed Jul 28, 1971 03:29 UTC",Molniya-M /Block L | Molniya-1 n†­20,StatusRetired,Success
NASA,"LC-39A, Kennedy Space Center, Florida, USA","Mon Jul 26, 1971 13:34 UTC",Saturn V | Apollo 15,StatusRetired,Success
RVSN USSR,"Site 43/3, Plesetsk Cosmodrome, Russia","Fri Jul 23, 1971 11:00 UTC",Voskhod | Cosmos 430,StatusRetired,Success
RVSN USSR,"Site 132/2, Plesetsk Cosmodrome, Russia","Thu Jul 22, 1971 13:45 UTC",Cosmos-3M (11K65M) | Tselina-OM #10,StatusRetired,Failure
RVSN USSR,"Site 31/6, Baikonur Cosmodrome, Kazakhstan","Tue Jul 20, 1971 10:00 UTC",Voskhod | Cosmos 429,StatusRetired,Success
RVSN USSR,"Site 43/4, Plesetsk Cosmodrome, Russia","Fri Jul 16, 1971 01:41 UTC",Vostok-2M | Meteor n†­20,StatusRetired,Success
RVSN USSR,"Site 110/37, Baikonur Cosmodrome, Kazakhstan","Sat Jun 26, 1971 23:15 UTC",N1-L3 | 6L (Test flight),StatusRetired,Failure
RVSN USSR,"Site 43/4, Plesetsk Cosmodrome, Russia","Fri Jun 25, 1971 10:30 UTC",Voskhod | Zenit-4M n†­17,StatusRetired,Failure
RVSN USSR,"Site 31/6, Baikonur Cosmodrome, Kazakhstan","Thu Jun 24, 1971 07:59 UTC",Voskhod | Cosmos 428,StatusRetired,Success
Martin Marietta,"SLC-4E, Vandenberg AFB, California, USA","Tue Jun 15, 1971 18:41 UTC",Titan IIID | KH-9,StatusRetired,Success
RVSN USSR,"Site 31/6, Baikonur Cosmodrome, Kazakhstan","Sat Jun 12, 1971 05:30 UTC",Soyuz L | Cosmos 434 (T2K Lunar Lander),StatusRetired,Success
RVSN USSR,"Site 43/4, Plesetsk Cosmodrome, Russia","Fri Jun 11, 1971 10:00 UTC",Voskhod | Cosmos 427,StatusRetired,Success
RVSN USSR,"Site 1/5, Baikonur Cosmodrome, Kazakhstan","Sun Jun 06, 1971 04:55 UTC",Soyuz | Soyuz 11,StatusRetired,Success
RVSN USSR,"Site 132/2, Plesetsk Cosmodrome, Russia","Fri Jun 04, 1971",Cosmos-3M (11K65M) | Cosmos 426,StatusRetired,Success
General Dynamics,"SLC-36B, Cape Canaveral AFS, Florida, USA","Sun May 30, 1971 22:23 UTC",Atlas-SLV3C Centaur-D | Mariner 9,StatusRetired,Success
RVSN USSR,"Site 132/1, Plesetsk Cosmodrome, Russia","Sat May 29, 1971 03:48 UTC",Cosmos-3M (11K65M) | Cosmos 425,StatusRetired,Success
RVSN USSR,"Site 81/23, Baikonur Cosmodrome, Kazakhstan","Fri May 28, 1971 15:26 UTC",Proton K/Block D | Mars-3,StatusRetired,Success
RVSN USSR,"Site 43/4, Plesetsk Cosmodrome, Russia","Fri May 28, 1971 10:30 UTC",Voskhod | Cosmos 424,StatusRetired,Success
RVSN USSR,"Site 133/3, Plesetsk Cosmodrome, Russia","Thu May 27, 1971 11:59 UTC",Cosmos-2I (63SM) | Cosmos 423,StatusRetired,Success
RVSN USSR,"Site 132/1, Plesetsk Cosmodrome, Russia","Sat May 22, 1971 00:51 UTC",Cosmos-3M (11K65M) | Cosmos 422,StatusRetired,Success
RVSN USSR,"Site 81/24, Baikonur Cosmodrome, Kazakhstan","Wed May 19, 1971 16:22 UTC",Proton K/Block D | Mars-2,StatusRetired,Success
RVSN USSR,"Site 133/3, Plesetsk Cosmodrome, Russia","Wed May 19, 1971 10:20 UTC",Cosmos-2I (63SM) | Cosmos 421,StatusRetired,Success
RVSN USSR,"Site 31/6, Baikonur Cosmodrome, Kazakhstan","Tue May 18, 1971 08:00 UTC",Voskhod | Cosmos 420,StatusRetired,Success
RVSN USSR,"Site 81/23, Baikonur Cosmodrome, Kazakhstan","Mon May 10, 1971 16:58 UTC",Proton K/Block D | Cosmos 419,StatusRetired,Success
General Dynamics,"SLC-36A, Cape Canaveral AFS, Florida, USA","Sun May 09, 1971 01:11 UTC",Atlas-SLV3C Centaur-D | Mariner 8,StatusRetired,Failure
RVSN USSR,"Site 132/1, Plesetsk Cosmodrome, Russia","Fri May 07, 1971 14:20 UTC",Cosmos-3M (11K65M) | Cosmos 411 to 418,StatusRetired,Success
RVSN USSR,"Site 31/6, Baikonur Cosmodrome, Kazakhstan","Thu May 06, 1971 06:20 UTC",Voskhod | Cosmos 410,StatusRetired,Success
Martin Marietta,"SLC-40, Cape Canaveral AFS, Florida, USA","Wed May 05, 1971 07:43 UTC",Titan III(23)C | DSP-2,StatusRetired,Success
RVSN USSR,"Site 132/1, Plesetsk Cosmodrome, Russia","Wed Apr 28, 1971 14:35 UTC",Cosmos-3M (11K65M) | Cosmos 409,StatusRetired,Success
RVSN USSR,"Site 133/3, Plesetsk Cosmodrome, Russia","Sat Apr 24, 1971 11:15 UTC",Cosmos-2I (63SM) | Cosmos 408,StatusRetired,Success
ASI,"Santa Rita 2, San Marco Launch Platform, Kenya","Sat Apr 24, 1971 07:32 UTC",Scout B | San Marco 3,StatusRetired,Success
RVSN USSR,"Site 1/5, Baikonur Cosmodrome, Kazakhstan","Thu Apr 22, 1971 23:54 UTC",Soyuz | Soyuz 10,StatusRetired,Success
US Air Force,"SLC-4W, Vandenberg AFB, California, USA","Thu Apr 22, 1971 15:30 UTC",Titan III(23)B | OPS 7899,StatusRetired,Success
RVSN USSR,"Site 86/1, Kapustin Yar, Russia","Thu Apr 22, 1971 04:22 UTC",Cosmos-3MRB (65MRB) | BOR-2 Shuttle,StatusRetired,Success
RVSN USSR,"Site 81/24, Baikonur Cosmodrome, Kazakhstan","Mon Apr 19, 1971 01:40 UTC",Proton K | Saliout-1,StatusRetired,Success
RVSN USSR,"Site 43/4, Plesetsk Cosmodrome, Russia","Sat Apr 17, 1971 11:44 UTC",Vostok-2M | Meteor n†­19,StatusRetired,Success
CNES,"ELD, Guiana Space Centre, French Guiana, France","Thu Apr 15, 1971 09:09 UTC",Diamant B | Tournesol,StatusRetired,Success
RVSN USSR,"Site 43/3, Plesetsk Cosmodrome, Russia","Wed Apr 14, 1971 08:00 UTC",Voskhod | Cosmos 406,StatusRetired,Success
RVSN USSR,"Site 43/4, Plesetsk Cosmodrome, Russia","Wed Apr 07, 1971 07:10 UTC",Vostok-2M | Cosmos 405,StatusRetired,Success
RVSN USSR,"Site 43/3, Plesetsk Cosmodrome, Russia","Fri Apr 02, 1971 08:20 UTC",Voskhod | Cosmos 403,StatusRetired,Success
RVSN USSR,"Site 90/19, Baikonur Cosmodrome, Kazakhstan","Thu Apr 01, 1971 11:29 UTC",Tsyklon-2 | Cosmos 402,StatusRetired,Success
RVSN USSR,"Site 43/4, Plesetsk Cosmodrome, Russia","Sat Mar 27, 1971 10:59 UTC",Voskhod | Cosmos 401,StatusRetired,Success
RVSN USSR,"Site 132/1, Plesetsk Cosmodrome, Russia","Tue Mar 23, 1971 11:30 UTC",Cosmos-3M (11K65M) | Cosmos 407,StatusRetired,Success
Martin Marietta,"SLC-4W, Vandenberg AFB, California, USA","Sun Mar 21, 1971 03:45 UTC",Titan-III(33)B Agena-D | Jumpseat 1,StatusRetired,Success
RVSN USSR,"Site 132/1, Plesetsk Cosmodrome, Russia","Thu Mar 18, 1971 21:45 UTC",Cosmos-3M (11K65M) | Cosmos 400,StatusRetired,Success
RVSN USSR,"Site 86/1, Kapustin Yar, Russia","Fri Mar 05, 1971 08:15 UTC",Cosmos-2I (63SM) | DS-P1-You #39,StatusRetired,Failure
RVSN USSR,"Site 43/4, Plesetsk Cosmodrome, Russia","Fri Mar 05, 1971 01:02 UTC",Voskhod | Zenit-2M n†­17,StatusRetired,Failure
RVSN USSR,"Site 90/20, Baikonur Cosmodrome, Kazakhstan","Thu Mar 04, 1971 14:27 UTC",Tsyklon-2 | Cosmos 404,StatusRetired,Success
CASC,"Site 5020 (LA-2A), Jiuquan Satellite Launch Center, China","Wed Mar 03, 1971 12:15 UTC",Long March 1 | Shijian 1,StatusRetired,Success
RVSN USSR,"Site 31/6, Baikonur Cosmodrome, Kazakhstan","Wed Mar 03, 1971 09:30 UTC",Voskhod | Cosmos 399,StatusRetired,Success
RVSN USSR,"Site 31/6, Baikonur Cosmodrome, Kazakhstan","Fri Feb 26, 1971 05:06 UTC",Soyuz L | Cosmos 398 (T2K Lunar Lander),StatusRetired,Success
RVSN USSR,"Site 90/20, Baikonur Cosmodrome, Kazakhstan","Thu Feb 25, 1971 11:11 UTC",Tsyklon-2 | Cosmos 397,StatusRetired,Success
ISAS,"Mu Pad, Uchinoura Space Center, Japan","Sun Feb 21, 1971 05:00 UTC",Mu-III C | Hakucho,StatusRetired,Success
RVSN USSR,"Site 43/3, Plesetsk Cosmodrome, Russia","Thu Feb 18, 1971 13:59 UTC",Voskhod | Cosmos 396,StatusRetired,Success
RVSN USSR,"Site 132/1, Plesetsk Cosmodrome, Russia","Wed Feb 17, 1971 21:10 UTC",Cosmos-3M (11K65M) | Cosmos 395,StatusRetired,Success
ISAS,"Mu Pad, Uchinoura Space Center, Japan","Tue Feb 16, 1971 04:00 UTC",Mu-IV S | Tansei 1,StatusRetired,Success
RVSN USSR,"Site 132/1, Plesetsk Cosmodrome, Russia","Tue Feb 09, 1971 18:48 UTC",Cosmos-3M (11K65M) | Cosmos 394,StatusRetired,Success
NASA,"LC-39A, Kennedy Space Center, Florida, USA","Sun Jan 31, 1971 21:03 UTC",Saturn V | Apollo 14,StatusRetired,Success
RVSN USSR,"Site 133/3, Plesetsk Cosmodrome, Russia","Tue Jan 26, 1971 12:44 UTC",Cosmos-2I (63SM) | Cosmos 393,StatusRetired,Success
General Dynamics,"SLC-36A, Cape Canaveral AFS, Florida, USA","Tue Jan 26, 1971 00:36 UTC",Atlas-SLV3C Centaur-D | Intelsat 4 F2,StatusRetired,Success
US Air Force,"SLC-4W, Vandenberg AFB, California, USA","Thu Jan 21, 1971 18:28 UTC",Titan III(23)B | OPS 7776,StatusRetired,Success
RVSN USSR,"Site 31/6, Baikonur Cosmodrome, Kazakhstan","Thu Jan 21, 1971 08:40 UTC",Voskhod | Cosmos 392,StatusRetired,Success
RVSN USSR,"Site 41/1, Plesetsk Cosmodrome, Russia","Wed Jan 20, 1971 11:24 UTC",Vostok-2M | Meteor n†­18,StatusRetired,Success
RVSN USSR,"Site 133/3, Plesetsk Cosmodrome, Russia","Thu Jan 14, 1971 12:00 UTC",Cosmos-2I (63SM) | Cosmos 391,StatusRetired,Success
RVSN USSR,"Site 31/6, Baikonur Cosmodrome, Kazakhstan","Tue Jan 12, 1971 09:30 UTC",Voskhod | Cosmos 390,StatusRetired,Success
RVSN USSR,"Site 1/5, Baikonur Cosmodrome, Kazakhstan","Fri Dec 25, 1970 03:50 UTC",Molniya-M /Block L | Molniya-1 n†­22,StatusRetired,Success
RVSN USSR,"Site 132/2, Plesetsk Cosmodrome, Russia","Tue Dec 22, 1970 21:30 UTC",Cosmos-3M (11K65M) | DS-P1-M #1,StatusRetired,Failure
RVSN USSR,"Site 41/1, Plesetsk Cosmodrome, Russia","Fri Dec 18, 1970 16:15 UTC",Vostok-2M | Cosmos 389,StatusRetired,Success
RVSN USSR,"Site 133/3, Plesetsk Cosmodrome, Russia","Fri Dec 18, 1970 09:39 UTC",Cosmos-2I (63SM) | Cosmos 388,StatusRetired,Success
RVSN USSR,"Site 132/2, Plesetsk Cosmodrome, Russia","Wed Dec 16, 1970 04:30 UTC",Cosmos-3M (11K65M) | Cosmos 387,StatusRetired,Success
RVSN USSR,"Site 31/6, Baikonur Cosmodrome, Kazakhstan","Tue Dec 15, 1970 10:00 UTC",Voskhod | Cosmos 386,StatusRetired,Success
RVSN USSR,"Site 132/2, Plesetsk Cosmodrome, Russia","Sat Dec 12, 1970 13:00 UTC",Cosmos-3M (11K65M) | Cosmos 385,StatusRetired,Success
CNES,"ELD, Guiana Space Centre, French Guiana, France","Sat Dec 12, 1970 12:00 UTC",Diamant B | P??ole,StatusRetired,Success
ASI,"SM Launch Tab, San Marco Launch Platform, Kenya","Sat Dec 12, 1970 10:53 UTC",Scout B | Explorer 42,StatusRetired,Success
RVSN USSR,"Site 41/1, Plesetsk Cosmodrome, Russia","Thu Dec 10, 1970 11:10 UTC",Voskhod | Cosmos 384,StatusRetired,Success
RVSN USSR,"Site 43/4, Plesetsk Cosmodrome, Russia","Thu Dec 03, 1970 13:55 UTC",Voskhod | Cosmos 383,StatusRetired,Success
RVSN USSR,"Site 81/23, Baikonur Cosmodrome, Kazakhstan","Wed Dec 02, 1970 17:00 UTC",Proton K/Block D | Cosmos 382 (L1E),StatusRetired,Success
RVSN USSR,"Site 132/2, Plesetsk Cosmodrome, Russia","Wed Dec 02, 1970 04:00 UTC",Cosmos-3M (11K65M) | Cosmos 381,StatusRetired,Success
General Dynamics,"SLC-36B, Cape Canaveral AFS, Florida, USA","Mon Nov 30, 1970 22:40 UTC",Atlas-SLV3C Centaur-D | OAO-B,StatusRetired,Failure
RVSN USSR,"Site 43/4, Plesetsk Cosmodrome, Russia","Fri Nov 27, 1970 15:47 UTC",Molniya-M /Block L | Molniya-1 n†­23,StatusRetired,Success
RVSN USSR,"Site 133/3, Plesetsk Cosmodrome, Russia","Tue Nov 24, 1970 10:59 UTC",Cosmos-2I (63SM) | Cosmos 380,StatusRetired,Success
RVSN USSR,"Site 31/6, Baikonur Cosmodrome, Kazakhstan","Tue Nov 24, 1970 05:15 UTC",Soyuz L | Cosmos 379 (T2K Lunar Lander),StatusRetired,Success
RVSN USSR,"Site 132/2, Plesetsk Cosmodrome, Russia","Tue Nov 17, 1970",Cosmos-3M (11K65M) | Cosmos 378,StatusRetired,Success
RVSN USSR,"Site 31/6, Baikonur Cosmodrome, Kazakhstan","Wed Nov 11, 1970 09:20 UTC",Voskhod | Cosmos 377,StatusRetired,Success
RVSN USSR,"Site 81/23, Baikonur Cosmodrome, Kazakhstan","Tue Nov 10, 1970 14:40 UTC",Proton K/Block D | Luna-17,StatusRetired,Success
Martin Marietta,"SLC-40, Cape Canaveral AFS, Florida, USA","Fri Nov 06, 1970 10:35 UTC",Titan III(23)C | OPS-5960 (IMEWS-1/DSP-1),StatusRetired,Partial Failure
RAE,"LA-5B, RAAF Woomera Range Complex, Australia","Mon Nov 02, 1970 00:34 UTC",Black Arrow | Orba,StatusRetired,Failure
RVSN USSR,"Site 43/4, Plesetsk Cosmodrome, Russia","Fri Oct 30, 1970 13:20 UTC",Voskhod | Cosmos 376,StatusRetired,Success
RVSN USSR,"Site 90/20, Baikonur Cosmodrome, Kazakhstan","Fri Oct 30, 1970 02:36 UTC",Tsyklon-2 | Cosmos 375,StatusRetired,Success
US Air Force,"SLC-4W, Vandenberg AFB, California, USA","Fri Oct 23, 1970 17:40 UTC",Titan III(23)B | OPS 7568,StatusRetired,Success
RVSN USSR,"Site 90/20, Baikonur Cosmodrome, Kazakhstan","Fri Oct 23, 1970 04:42 UTC",Tsyklon-2 | Cosmos 374,StatusRetired,Success
RVSN USSR,"Site 81/23, Baikonur Cosmodrome, Kazakhstan","Tue Oct 20, 1970 19:55 UTC",Proton K/Block D | Zond-8,StatusRetired,Success
RVSN USSR,"Site 90/19, Baikonur Cosmodrome, Kazakhstan","Tue Oct 20, 1970 05:38 UTC",Tsyklon-2 | Cosmos 373,StatusRetired,Success
RVSN USSR,"Site 132/1, Plesetsk Cosmodrome, Russia","Fri Oct 16, 1970 15:00 UTC",Cosmos-3M (11K65M) | Cosmos 372,StatusRetired,Success
RVSN USSR,"Site 41/1, Plesetsk Cosmodrome, Russia","Thu Oct 15, 1970 11:22 UTC",Vostok-2M | Meteor n†­17,StatusRetired,Success
RVSN USSR,"Site 133/3, Plesetsk Cosmodrome, Russia","Wed Oct 14, 1970 11:30 UTC",Cosmos-2I (63SM) | Intercosmos-4,StatusRetired,Success
RVSN USSR,"Site 132/1, Plesetsk Cosmodrome, Russia","Mon Oct 12, 1970 13:57 UTC",Cosmos-3M (11K65M) | Cosmos 371,StatusRetired,Success
RVSN USSR,"Site 1/5, Baikonur Cosmodrome, Kazakhstan","Fri Oct 09, 1970 11:04 UTC",Voskhod | Cosmos 370,StatusRetired,Success
RVSN USSR,"Site 133/3, Plesetsk Cosmodrome, Russia","Thu Oct 08, 1970 15:10 UTC",Cosmos-2I (63SM) | Cosmos 369,StatusRetired,Success
RVSN USSR,"Site 31/6, Baikonur Cosmodrome, Kazakhstan","Thu Oct 08, 1970 12:39 UTC",Voskhod | Cosmos 368,StatusRetired,Success
RVSN USSR,"Site 90/19, Baikonur Cosmodrome, Kazakhstan","Sat Oct 03, 1970 10:26 UTC",Tsyklon-2 | Cosmos 367,StatusRetired,Success
RVSN USSR,"Site 1/5, Baikonur Cosmodrome, Kazakhstan","Thu Oct 01, 1970 08:20 UTC",Voskhod | Cosmos 366,StatusRetired,Success
RVSN USSR,"Site 43/4, Plesetsk Cosmodrome, Russia","Tue Sep 29, 1970 08:14 UTC",Molniya-M /Block L | Molniya-1 n†­19,StatusRetired,Success
RVSN USSR,"Site 161/35, Baikonur Cosmodrome, Kazakhstan","Fri Sep 25, 1970 14:05 UTC",Tsyklon | Cosmos 365,StatusRetired,Success
RVSN USSR,"Site 41/1, Plesetsk Cosmodrome, Russia","Tue Sep 22, 1970 13:00 UTC",Voskhod | Cosmos 364,StatusRetired,Success
ISAS,"Mu Pad, Uchinoura Space Center, Japan","Tue Sep 22, 1970 05:00 UTC",Mu-IV S | Shinsei,StatusRetired,Failure
RVSN USSR,"Site 31/6, Baikonur Cosmodrome, Kazakhstan","Thu Sep 17, 1970 08:10 UTC",Voskhod | Cosmos 363,StatusRetired,Success
RVSN USSR,"Site 133/3, Plesetsk Cosmodrome, Russia","Wed Sep 16, 1970 12:00 UTC",Cosmos-2I (63SM) | Cosmos 362,StatusRetired,Success
RVSN USSR,"Site 81/23, Baikonur Cosmodrome, Kazakhstan","Sat Sep 12, 1970 13:25 UTC",Proton K/Block D | Luna-16,StatusRetired,Success
RVSN USSR,"Site 41/1, Plesetsk Cosmodrome, Russia","Tue Sep 08, 1970 10:30 UTC",Voskhod | Cosmos 361,StatusRetired,Success
General Dynamics,"LC-13, Cape Canaveral AFS, Florida, USA","Tue Sep 01, 1970 01:00 UTC",Atlas-SLV3A Agena-D | AFP-827 (Canyon-3),StatusRetired,Success
RVSN USSR,"Site 31/6, Baikonur Cosmodrome, Kazakhstan","Sat Aug 29, 1970 08:30 UTC",Voskhod | Cosmos 360,StatusRetired,Success
RVSN USSR,"Site 31/6, Baikonur Cosmodrome, Kazakhstan","Sat Aug 22, 1970 05:06 UTC",Molniya-M /Block NVL | Cosmos 359,StatusRetired,Partial Failure
RVSN USSR,"Site 132/1, Plesetsk Cosmodrome, Russia","Thu Aug 20, 1970 14:30 UTC",Cosmos-3M (11K65M) | Cosmos 358,StatusRetired,Partial Failure
RVSN USSR,"Site 133/3, Plesetsk Cosmodrome, Russia","Wed Aug 19, 1970 14:59 UTC",Cosmos-2I (63SM) | Cosmos 357,StatusRetired,Success
US Air Force,"SLC-4W, Vandenberg AFB, California, USA","Tue Aug 18, 1970 14:45 UTC",Titan III(23)B | OPS 7874,StatusRetired,Success
RVSN USSR,"Site 31/6, Baikonur Cosmodrome, Kazakhstan","Mon Aug 17, 1970 05:38 UTC",Molniya-M /Block NVL | Venera 7,StatusRetired,Success
RVSN USSR,"Site 133/3, Plesetsk Cosmodrome, Russia","Mon Aug 10, 1970 19:59 UTC",Cosmos-2I (63SM) | Cosmos 356,StatusRetired,Success
RVSN USSR,"Site 43/4, Plesetsk Cosmodrome, Russia","Fri Aug 07, 1970 09:30 UTC",Voskhod | Cosmos 355,StatusRetired,Success
RVSN USSR,"Site 86/1, Kapustin Yar, Russia","Fri Aug 07, 1970 02:59 UTC",Cosmos-2I (63SM) | Intercosmos-3,StatusRetired,Success
RVSN USSR,"Site 86/1, Kapustin Yar, Russia","Fri Jul 31, 1970 02:00 UTC",Cosmos-3MRB (65MRB) | BOR-2 Shuttle,StatusRetired,Success
RVSN USSR,"Site 191/66, Baikonur Cosmodrome, Kazakhstan","Tue Jul 28, 1970 22:00 UTC",Tsyklon | Cosmos 354,StatusRetired,Success
RVSN USSR,"Site 43/4, Plesetsk Cosmodrome, Russia","Tue Jul 21, 1970 12:30 UTC",Voskhod | Zenit-4 n†­75,StatusRetired,Failure
RVSN USSR,"Site 41/1, Plesetsk Cosmodrome, Russia","Thu Jul 09, 1970 13:35 UTC",Voskhod | Cosmos 353,StatusRetired,Success
RVSN USSR,"Site 31/6, Baikonur Cosmodrome, Kazakhstan","Tue Jul 07, 1970 10:30 UTC",Voskhod | Cosmos 352,StatusRetired,Success
RVSN USSR,"Site 132/2, Plesetsk Cosmodrome, Russia","Sat Jun 27, 1970 16:40 UTC",Cosmos-3M (11K65M) | Strela-2M satellite,StatusRetired,Failure
RVSN USSR,"Site 133/3, Plesetsk Cosmodrome, Russia","Sat Jun 27, 1970 07:39 UTC",Cosmos-2I (63SM) | Cosmos 351,StatusRetired,Success
RVSN USSR,"Site 31/6, Baikonur Cosmodrome, Kazakhstan","Fri Jun 26, 1970 12:00 UTC",Voskhod | Cosmos 350,StatusRetired,Success
RVSN USSR,"Site 43/4, Plesetsk Cosmodrome, Russia","Fri Jun 26, 1970 03:23 UTC",Molniya-M /Block L | Molniya-1 n†­21,StatusRetired,Success
US Air Force,"SLC-4W, Vandenberg AFB, California, USA","Thu Jun 25, 1970 14:50 UTC",Titan III(23)B | OPS 6820,StatusRetired,Success
RVSN USSR,"Site 41/1, Plesetsk Cosmodrome, Russia","Tue Jun 23, 1970 14:15 UTC",Vostok-2M | Meteor n†­16,StatusRetired,Success
General Dynamics,"LC-13, Cape Canaveral AFS, Florida, USA","Fri Jun 19, 1970 11:37 UTC",Atlas-SLV3A Agena-D | AFP-720 (Rhyolite-1),StatusRetired,Success
RVSN USSR,"Site 43/4, Plesetsk Cosmodrome, Russia","Wed Jun 17, 1970 12:59 UTC",Voskhod | Cosmos 349,StatusRetired,Success
RVSN USSR,"Site 133/3, Plesetsk Cosmodrome, Russia","Sat Jun 13, 1970 04:59 UTC",Cosmos-2I (63SM) | Cosmos 348,StatusRetired,Success
RVSN USSR,"Site 86/1, Kapustin Yar, Russia","Fri Jun 12, 1970 09:30 UTC",Cosmos-2I (63SM) | Cosmos 347,StatusRetired,Success
CECLES,"LA-5B, RAAF Woomera Range Complex, Australia","Fri Jun 12, 1970 06:06 UTC",Europa 1 | STV-3,StatusRetired,Failure
RVSN USSR,"Site 31/6, Baikonur Cosmodrome, Kazakhstan","Wed Jun 10, 1970 09:30 UTC",Voskhod | Cosmos 346,StatusRetired,Success
Roscosmos,"Site 31/6, Baikonur Cosmodrome, Kazakhstan","Mon Jun 01, 1970 19:00 UTC",Soyuz | Soyuz 9,StatusRetired,Success
RVSN USSR,"Site 133/3, Plesetsk Cosmodrome, Russia","Fri May 22, 1970 12:39 UTC",Cosmos-2I (63SM) | DS-P1-You #36,StatusRetired,Failure
RVSN USSR,"Site 31/6, Baikonur Cosmodrome, Kazakhstan","Wed May 20, 1970 09:20 UTC",Voskhod | Cosmos 345,StatusRetired,Success
RVSN USSR,"Site 41/1, Plesetsk Cosmodrome, Russia","Tue May 12, 1970 10:10 UTC",Voskhod | Cosmos 344,StatusRetired,Success
RVSN USSR,"Site 41/1, Plesetsk Cosmodrome, Russia","Tue Apr 28, 1970 10:50 UTC",Vostok-2M | Meteor n†­15,StatusRetired,Success
RVSN USSR,"Site 132/2, Plesetsk Cosmodrome, Russia","Sat Apr 25, 1970 17:09 UTC",Cosmos-3M (11K65M) | Cosmos 336 to 343,StatusRetired,Success
RVSN USSR,"Site 86/1, Kapustin Yar, Russia","Fri Apr 24, 1970 22:24 UTC",Cosmos-2I (63SM) | Cosmos 335,StatusRetired,Success
CASC,"Site 5020 (LA-2A), Jiuquan Satellite Launch Center, China","Fri Apr 24, 1970 13:35 UTC",Long March 1 | Dong Fang Hong 1,StatusRetired,Success
RVSN USSR,"Site 133/3, Plesetsk Cosmodrome, Russia","Thu Apr 23, 1970 13:20 UTC",Cosmos-2I (63SM) | Cosmos 334,StatusRetired,Success
US Air Force,"SLC-4W, Vandenberg AFB, California, USA","Wed Apr 15, 1970 15:52 UTC",Titan III(23)B | OPS 2863,StatusRetired,Success
RVSN USSR,"Site 41/1, Plesetsk Cosmodrome, Russia","Wed Apr 15, 1970 09:00 UTC",Voskhod | Cosmos 333,StatusRetired,Success
NASA,"LC-39A, Kennedy Space Center, Florida, USA","Sat Apr 11, 1970 19:13 UTC",Saturn V | Apollo 13,StatusRetired,Success
RVSN USSR,"Site 132/2, Plesetsk Cosmodrome, Russia","Sat Apr 11, 1970 17:00 UTC",Cosmos-3M (11K65M) | Cosmos 332,StatusRetired,Success
Martin Marietta,"SLC-40, Cape Canaveral AFS, Florida, USA","Wed Apr 08, 1970 10:50 UTC",Titan IIIC | Vela 11 & 12,StatusRetired,Success
RVSN USSR,"Site 31/6, Baikonur Cosmodrome, Kazakhstan","Wed Apr 08, 1970 10:15 UTC",Voskhod | Cosmos 331,StatusRetired,Success
RVSN USSR,"Site 132/2, Plesetsk Cosmodrome, Russia","Tue Apr 07, 1970 11:10 UTC",Cosmos-3M (11K65M) | Cosmos 330,StatusRetired,Success
RVSN USSR,"Site 43/4, Plesetsk Cosmodrome, Russia","Fri Apr 03, 1970 08:30 UTC",Voskhod | Cosmos 329,StatusRetired,Success
RVSN USSR,"Site 41/1, Plesetsk Cosmodrome, Russia","Fri Mar 27, 1970 11:45 UTC",Voskhod | Cosmos 328,StatusRetired,Success
RVSN USSR,"Site 133/3, Plesetsk Cosmodrome, Russia","Wed Mar 18, 1970 14:39 UTC",Cosmos-2I (63SM) | Cosmos 327,StatusRetired,Success
RVSN USSR,"Site 41/1, Plesetsk Cosmodrome, Russia","Tue Mar 17, 1970 11:10 UTC",Vostok-2M | Meteor n†­14,StatusRetired,Partial Failure
RVSN USSR,"Site 43/4, Plesetsk Cosmodrome, Russia","Fri Mar 13, 1970 08:00 UTC",Voskhod | Cosmos 326,StatusRetired,Success
CNES,"ELD, Guiana Space Centre, French Guiana, France","Tue Mar 10, 1970 15:20 UTC",Diamant B | WIKA & MIKA,StatusRetired,Success
RVSN USSR,"Site 43/4, Plesetsk Cosmodrome, Russia","Wed Mar 04, 1970 12:14 UTC",Voskhod | Cosmos 325,StatusRetired,Success
RVSN USSR,"Site 133/3, Plesetsk Cosmodrome, Russia","Fri Feb 27, 1970 17:24 UTC",Cosmos-2I (63SM) | Cosmos 324,StatusRetired,Success
RVSN USSR,"Site 43/4, Plesetsk Cosmodrome, Russia","Tue Feb 17, 1970 18:57 UTC",Molniya-M /Block L | Molniya-1 n†­17,StatusRetired,Success
UT,"Uchinoura Space Center, Japan","Wed Feb 11, 1970 04:25 UTC",Lambda-IV S | Osumi,StatusRetired,Success
RVSN USSR,"Site 41/1, Plesetsk Cosmodrome, Russia","Tue Feb 10, 1970 12:00 UTC",Voskhod | Cosmos 323,StatusRetired,Success
RVSN USSR,"Site 81/23, Baikonur Cosmodrome, Kazakhstan","Fri Feb 06, 1970 04:16 UTC",Proton K/Block D | Luna-16c,StatusRetired,Failure
RVSN USSR,"Site 133/3, Plesetsk Cosmodrome, Russia","Fri Jan 30, 1970 15:40 UTC",Cosmos-2I (63SM) | DS-P1-I #6,StatusRetired,Failure
RVSN USSR,"Site 41/1, Plesetsk Cosmodrome, Russia","Wed Jan 21, 1970 12:00 UTC",Voskhod | Cosmos 322,StatusRetired,Success
RVSN USSR,"Site 133/3, Plesetsk Cosmodrome, Russia","Tue Jan 20, 1970 20:20 UTC",Cosmos-2I (63SM) | Cosmos 321,StatusRetired,Success
RVSN USSR,"Site 86/1, Kapustin Yar, Russia","Fri Jan 16, 1970 10:59 UTC",Cosmos-2I (63SM) | Cosmos 320,StatusRetired,Success
RVSN USSR,"Site 133/3, Plesetsk Cosmodrome, Russia","Thu Jan 15, 1970 13:40 UTC",Cosmos-2I (63SM) | Cosmos 319,StatusRetired,Success
US Air Force,"SLC-4W, Vandenberg AFB, California, USA","Wed Jan 14, 1970 18:43 UTC",Titan III(23)B | OPS 6531,StatusRetired,Success
RVSN USSR,"Site 31/6, Baikonur Cosmodrome, Kazakhstan","Fri Jan 09, 1970 09:20 UTC",Voskhod | Cosmos 318,StatusRetired,Success
RVSN USSR,"Site 132/1, Plesetsk Cosmodrome, Russia","Sat Dec 27, 1969 14:20 UTC",Cosmos-3M (11K65M) | Ionosfernaya #1,StatusRetired,Failure
RVSN USSR,"Site 86/1, Kapustin Yar, Russia","Thu Dec 25, 1969 09:59 UTC",Cosmos-2I (63SM) | Intercosmos-2,StatusRetired,Success
RVSN USSR,"Site 41/1, Plesetsk Cosmodrome, Russia","Tue Dec 23, 1969 13:50 UTC",Voskhod | Cosmos 317,StatusRetired,Success
RVSN USSR,"Site 90/20, Baikonur Cosmodrome, Kazakhstan","Tue Dec 23, 1969 09:25 UTC",Tsyklon-2 | Cosmos 316,StatusRetired,Success
RVSN USSR,"Site 132/1, Plesetsk Cosmodrome, Russia","Sat Dec 20, 1969 03:26 UTC",Cosmos-3M (11K65M) | Cosmos 315,StatusRetired,Success
RVSN USSR,"Site 133/3, Plesetsk Cosmodrome, Russia","Thu Dec 11, 1969 12:59 UTC",Cosmos-2I (63SM) | Cosmos 314,StatusRetired,Success
RVSN USSR,"Site 43/4, Plesetsk Cosmodrome, Russia","Wed Dec 03, 1969 13:20 UTC",Voskhod | Cosmos 313,StatusRetired,Success
RVSN USSR,"Site 81/23, Baikonur Cosmodrome, Kazakhstan","Fri Nov 28, 1969 09:00 UTC",Proton K/Block D | Zond (L1E),StatusRetired,Failure
RVSN USSR,"Site 132/1, Plesetsk Cosmodrome, Russia","Mon Nov 24, 1969 16:49 UTC",Cosmos-3M (11K65M) | Cosmos 312,StatusRetired,Success
RVSN USSR,"Site 133/3, Plesetsk Cosmodrome, Russia","Mon Nov 24, 1969 11:04 UTC",Cosmos-2I (63SM) | Cosmos 311,StatusRetired,Success
CASC,"Site 5020 (LA-2A), Jiuquan Satellite Launch Center, China","Sun Nov 16, 1969",Long March 1 | Test flight,StatusRetired,Failure
RVSN USSR,"Site 31/6, Baikonur Cosmodrome, Kazakhstan","Sat Nov 15, 1969 08:30 UTC",Voskhod | Cosmos 310,StatusRetired,Success
NASA,"LC-39A, Kennedy Space Center, Florida, USA","Fri Nov 14, 1969 16:22 UTC",Saturn V | Apollo 12,StatusRetired,Success
RVSN USSR,"Site 41/1, Plesetsk Cosmodrome, Russia","Wed Nov 12, 1969 11:30 UTC",Voskhod | Cosmos 309,StatusRetired,Success
RVSN USSR,"Site 133/3, Plesetsk Cosmodrome, Russia","Tue Nov 04, 1969 12:00 UTC",Cosmos-2I (63SM) | Cosmos 308,StatusRetired,Success
Yuzhmash,"Site 90/20, Baikonur Cosmodrome, Kazakhstan","Sat Nov 01, 1969 10:59 UTC",Tsyklon-2 | IS Mass Model,StatusRetired,Success
US Air Force,"SLC-4W, Vandenberg AFB, California, USA","Fri Oct 24, 1969 18:10 UTC",Titan III(23)B | OPS 8455,StatusRetired,Success
RVSN USSR,"Site 86/1, Kapustin Yar, Russia","Fri Oct 24, 1969 13:01 UTC",Cosmos-2I (63SM) | Cosmos 307,StatusRetired,Success
RVSN USSR,"Site 1/5, Baikonur Cosmodrome, Kazakhstan","Fri Oct 24, 1969 09:40 UTC",Voskhod | Cosmos 306,StatusRetired,Success
RVSN USSR,"Site 81/24, Baikonur Cosmodrome, Kazakhstan","Wed Oct 22, 1969 14:09 UTC",Proton K/Block D | Cosmos 305 (Luna-16b),StatusRetired,Failure
RVSN USSR,"Site 132/1, Plesetsk Cosmodrome, Russia","Tue Oct 21, 1969 12:49 UTC",Cosmos-3M (11K65M) | Cosmos 304,StatusRetired,Success
RVSN USSR,"Site 133/3, Plesetsk Cosmodrome, Russia","Sat Oct 18, 1969 10:00 UTC",Cosmos-2I (63SM) | Cosmos 303,StatusRetired,Success
RVSN USSR,"Site 41/1, Plesetsk Cosmodrome, Russia","Fri Oct 17, 1969 11:45 UTC",Voskhod | Cosmos 302,StatusRetired,Success
RVSN USSR,"Site 86/1, Kapustin Yar, Russia","Tue Oct 14, 1969 13:19 UTC",Cosmos-2I (63SM) | Intercosmos-1,StatusRetired,Success
RVSN USSR,"Site 31/6, Baikonur Cosmodrome, Kazakhstan","Mon Oct 13, 1969 10:19 UTC",Soyuz | Soyuz 8,StatusRetired,Success
RVSN USSR,"Site 1/5, Baikonur Cosmodrome, Kazakhstan","Sun Oct 12, 1969 10:44 UTC",Soyuz | Soyuz 7,StatusRetired,Success
RVSN USSR,"Site 31/6, Baikonur Cosmodrome, Kazakhstan","Sat Oct 11, 1969 11:10 UTC",Soyuz | Soyuz 6,StatusRetired,Success
RVSN USSR,"Site 41/1, Plesetsk Cosmodrome, Russia","Mon Oct 06, 1969 01:45 UTC",Vostok-2M | Meteor n†­13,StatusRetired,Success
RVSN USSR,"Site 41/1, Plesetsk Cosmodrome, Russia","Wed Sep 24, 1969 12:15 UTC",Voskhod | Cosmos 301,StatusRetired,Success
RVSN USSR,"Site 81/24, Baikonur Cosmodrome, Kazakhstan","Tue Sep 23, 1969 15:00 UTC",Proton K/Block D | Cosmos 300 (luna-16a),StatusRetired,Success
UT,"Uchinoura Space Center, Japan","Mon Sep 22, 1969",Lambda-IV S | Osumi,StatusRetired,Failure
RVSN USSR,"Site 31/6, Baikonur Cosmodrome, Kazakhstan","Thu Sep 18, 1969 08:40 UTC",Voskhod | Cosmos 299,StatusRetired,Success
RVSN USSR,"Site 191/66, Baikonur Cosmodrome, Kazakhstan","Mon Sep 15, 1969 16:00 UTC",Tsyklon | Cosmos 298,StatusRetired,Success
RVSN USSR,"Site 41/1, Plesetsk Cosmodrome, Russia","Tue Sep 02, 1969 11:00 UTC",Voskhod | Cosmos 297,StatusRetired,Success
RVSN USSR,"Site 31/6, Baikonur Cosmodrome, Kazakhstan","Fri Aug 29, 1969 09:05 UTC",Voskhod | Cosmos 296,StatusRetired,Success
US Air Force,"SLC-4W, Vandenberg AFB, California, USA","Sat Aug 23, 1969 16:00 UTC",Titan III(23)B | OPS 7807,StatusRetired,Success
RVSN USSR,"Site 133/3, Plesetsk Cosmodrome, Russia","Fri Aug 22, 1969 14:14 UTC",Cosmos-2I (63SM) | Cosmos 295,StatusRetired,Success
RVSN USSR,"Site 41/1, Plesetsk Cosmodrome, Russia","Tue Aug 19, 1969 13:00 UTC",Voskhod | Cosmos 294,StatusRetired,Success
RVSN USSR,"Site 31/6, Baikonur Cosmodrome, Kazakhstan","Sat Aug 16, 1969 11:59 UTC",Voskhod | Cosmos 293,StatusRetired,Success
RVSN USSR,"Site 132/2, Plesetsk Cosmodrome, Russia","Wed Aug 13, 1969 22:00 UTC",Cosmos-3M (11K65M) | Cosmos 292,StatusRetired,Success
General Dynamics,"SLC-36A, Cape Canaveral AFS, Florida, USA","Tue Aug 12, 1969 11:01 UTC",Atlas-SLV3C Centaur-D | ATS-5,StatusRetired,Success
RVSN USSR,"Site 81/23, Baikonur Cosmodrome, Kazakhstan","Thu Aug 07, 1969 23:48 UTC",Proton K/Block D | Zond-7,StatusRetired,Success
RVSN USSR,"Site 90/19, Baikonur Cosmodrome, Kazakhstan","Wed Aug 06, 1969 05:40 UTC",Tsyklon-2 | Cosmos 291,StatusRetired,Success
RVSN USSR,"Site 133/3, Plesetsk Cosmodrome, Russia","Wed Jul 23, 1969 09:00 UTC",Cosmos-2I (63SM) | DS-P1-You #23,StatusRetired,Failure
RVSN USSR,"Site 1/5, Baikonur Cosmodrome, Kazakhstan","Tue Jul 22, 1969 12:55 UTC",Molniya-M /Block L | Molniya-1 n†­18,StatusRetired,Success
RVSN USSR,"Site 41/1, Plesetsk Cosmodrome, Russia","Tue Jul 22, 1969 12:30 UTC",Voskhod | Cosmos 290,StatusRetired,Success
NASA,"LC-39A, Kennedy Space Center, Florida, USA","Wed Jul 16, 1969 13:32 UTC",Saturn V | Apollo 11,StatusRetired,Success
RVSN USSR,"Site 41/1, Plesetsk Cosmodrome, Russia","Thu Jul 10, 1969 09:00 UTC",Voskhod | Cosmos 289,StatusRetired,Success
RVSN USSR,"Site 110/38, Baikonur Cosmodrome, Kazakhstan","Thu Jul 03, 1969 20:18 UTC",N1-L3 | 5L (Zond L1S-2),StatusRetired,Failure
CECLES,"LA-5B, RAAF Woomera Range Complex, Australia","Thu Jul 03, 1969 08:06 UTC",Europa 1 | STV-2,StatusRetired,Failure
RVSN USSR,"Site 1/5, Baikonur Cosmodrome, Kazakhstan","Fri Jun 27, 1969 06:59 UTC",Voskhod | Cosmos 288,StatusRetired,Success
RVSN USSR,"Site 31/6, Baikonur Cosmodrome, Kazakhstan","Tue Jun 24, 1969 06:50 UTC",Voskhod | Cosmos 287,StatusRetired,Success
RVSN USSR,"Site 41/1, Plesetsk Cosmodrome, Russia","Sun Jun 15, 1969 08:59 UTC",Voskhod | Cosmos 286,StatusRetired,Success
RVSN USSR,"Site 81/24, Baikonur Cosmodrome, Kazakhstan","Sat Jun 14, 1969 23:59 UTC",Proton K/Block D | Luna-15b,StatusRetired,Failure
RVSN USSR,"Site 86/1, Kapustin Yar, Russia","Thu Jun 12, 1969 06:00 UTC",Cosmos-3MRB (65MRB) | BOR-2 Shuttle,StatusRetired,Success
US Air Force,"SLC-4W, Vandenberg AFB, California, USA","Tue Jun 03, 1969 16:49 UTC",Titan IIIB | OPS 1077,StatusRetired,Success
RVSN USSR,"Site 133/3, Plesetsk Cosmodrome, Russia","Tue Jun 03, 1969 12:57 UTC",Cosmos-2I (63SM) | Cosmos 285,StatusRetired,Success
RVSN USSR,"Site 31/6, Baikonur Cosmodrome, Kazakhstan","Thu May 29, 1969 06:59 UTC",Voskhod | Cosmos 284,StatusRetired,Success
RVSN USSR,"Site 133/3, Plesetsk Cosmodrome, Russia","Tue May 27, 1969 13:00 UTC",Cosmos-2I (63SM) | Cosmos 283,StatusRetired,Success
Martin Marietta,"SLC-41, Cape Canaveral AFS, Florida, USA","Fri May 23, 1969 07:57 UTC","Titan IIIC | OPS-6909, OPS-6911, OV5-5, OV5-6, OV5-9",StatusRetired,Success
RVSN USSR,"Site 41/1, Plesetsk Cosmodrome, Russia","Tue May 20, 1969 08:40 UTC",Voskhod | Cosmos 282,StatusRetired,Success
NASA,"LC-39B, Kennedy Space Center, Florida, USA","Sun May 18, 1969 16:49 UTC",Saturn V | Apollo 10,StatusRetired,Success
RVSN USSR,"Site 41/1, Plesetsk Cosmodrome, Russia","Tue May 13, 1969 09:15 UTC",Voskhod | Cosmos 281,StatusRetired,Partial Failure
RVSN USSR,"Site 1/5, Baikonur Cosmodrome, Kazakhstan","Wed Apr 23, 1969 09:55 UTC",Voskhod | Cosmos 280,StatusRetired,Success
US Air Force,"SLC-4W, Vandenberg AFB, California, USA","Tue Apr 15, 1969 17:30 UTC",Titan IIIB | OPS 5310,StatusRetired,Success
RVSN USSR,"Site 31/6, Baikonur Cosmodrome, Kazakhstan","Tue Apr 15, 1969 08:14 UTC",Voskhod | Cosmos 279,StatusRetired,Success
General Dynamics,"LC-13, Cape Canaveral AFS, Florida, USA","Sun Apr 13, 1969 02:30 UTC",Atlas-SLV3A Agena-D | Canyon 2 (AFP-827),StatusRetired,Success
RVSN USSR,"Site 1/5, Baikonur Cosmodrome, Kazakhstan","Fri Apr 11, 1969 02:30 UTC",Molniya-M /Block L | Molniya-1 n†­16,StatusRetired,Success
RVSN USSR,"Site 41/1, Plesetsk Cosmodrome, Russia","Wed Apr 09, 1969 13:00 UTC",Voskhod | Cosmos 278,StatusRetired,Success
RVSN USSR,"Site 133/3, Plesetsk Cosmodrome, Russia","Fri Apr 04, 1969 13:00 UTC",Cosmos-2I (63SM) | Cosmos 277,StatusRetired,Success
RVSN USSR,"Site 41/1, Plesetsk Cosmodrome, Russia","Fri Apr 04, 1969 10:20 UTC",Voskhod | Cosmos 276,StatusRetired,Success
RVSN USSR,"Site 81/24, Baikonur Cosmodrome, Kazakhstan","Wed Apr 02, 1969 10:33 UTC",Proton K/Block D | M-69 ???522,StatusRetired,Failure
RVSN USSR,"Site 133/3, Plesetsk Cosmodrome, Russia","Fri Mar 28, 1969 16:00 UTC",Cosmos-2I (63SM) | Cosmos 275,StatusRetired,Success
General Dynamics,"SLC-36A, Cape Canaveral AFS, Florida, USA","Thu Mar 27, 1969 22:22 UTC",Atlas-SLV3C Centaur-D | Mariner 7,StatusRetired,Success
RVSN USSR,"Site 81/23, Baikonur Cosmodrome, Kazakhstan","Thu Mar 27, 1969 10:40 UTC",Proton K/Block D | M-69 N†­521,StatusRetired,Failure
RVSN USSR,"Site 41/1, Plesetsk Cosmodrome, Russia","Wed Mar 26, 1969 12:30 UTC",Vostok-2M | Meteor n†­12,StatusRetired,Failure
RVSN USSR,"Site 31/6, Baikonur Cosmodrome, Kazakhstan","Mon Mar 24, 1969 10:10 UTC",Voskhod | Cosmos 274,StatusRetired,Success
RVSN USSR,"Site 41/1, Plesetsk Cosmodrome, Russia","Sat Mar 22, 1969 12:15 UTC",Voskhod | Cosmos 273,StatusRetired,Success
General Dynamics,"LC-576A2, Vandenberg AFB, California, USA","Tue Mar 18, 1969 07:47 UTC",Atlas-E/F OV1 | OV1-17/OV1-18/OV1-19,StatusRetired,Success
RVSN USSR,"Site 132/2, Plesetsk Cosmodrome, Russia","Mon Mar 17, 1969 16:40 UTC",Cosmos-3M (11K65M) | Cosmos 272,StatusRetired,Success
RVSN USSR,"Site 41/1, Plesetsk Cosmodrome, Russia","Sat Mar 15, 1969 12:15 UTC",Voskhod | Cosmos 271,StatusRetired,Success
RVSN USSR,"Site 41/1, Plesetsk Cosmodrome, Russia","Thu Mar 06, 1969 12:15 UTC",Voskhod | Cosmos 270,StatusRetired,Success
RVSN USSR,"Site 132/2, Plesetsk Cosmodrome, Russia","Wed Mar 05, 1969 17:25 UTC",Cosmos-3M (11K65M) | Cosmos 269,StatusRetired,Success
RVSN USSR,"Site 86/1, Kapustin Yar, Russia","Wed Mar 05, 1969 13:04 UTC",Cosmos-2I (63SM) | Cosmos 268,StatusRetired,Success
US Air Force,"SLC-4W, Vandenberg AFB, California, USA","Tue Mar 04, 1969 19:30 UTC",Titan IIIB | OPS 4248,StatusRetired,Success
NASA,"LC-39A, Kennedy Space Center, Florida, USA","Mon Mar 03, 1969 16:00 UTC",Saturn V | Apollo 9,StatusRetired,Success
RVSN USSR,"Site 31/6, Baikonur Cosmodrome, Kazakhstan","Wed Feb 26, 1969 08:30 UTC",Voskhod | Cosmos 267,StatusRetired,Success
RVSN USSR,"Site 41/1, Plesetsk Cosmodrome, Russia","Tue Feb 25, 1969 10:20 UTC",Voskhod | Cosmos 266,StatusRetired,Success
General Dynamics,"SLC-36B, Cape Canaveral AFS, Florida, USA","Tue Feb 25, 1969 01:29 UTC",Atlas-SLV3C Centaur-D | Mariner 6,StatusRetired,Success
RVSN USSR,"Site 110/38, Baikonur Cosmodrome, Kazakhstan","Fri Feb 21, 1969 09:18 UTC",N1-L3 | 3L (Zond L1S-1),StatusRetired,Failure
RVSN USSR,"Site 81/24, Baikonur Cosmodrome, Kazakhstan","Wed Feb 19, 1969 06:48 UTC",Proton K/Block D | Luna-15a,StatusRetired,Failure
Martin Marietta,"SLC-41, Cape Canaveral AFS, Florida, USA","Sun Feb 09, 1969 21:09 UTC",Titan IIIC | OPS-0757 (Tacsat),StatusRetired,Success
RVSN USSR,"Site 133/3, Plesetsk Cosmodrome, Russia","Fri Feb 07, 1969 13:59 UTC",Cosmos-2I (63SM) | Cosmos 265,StatusRetired,Success
RVSN USSR,"Site 41/1, Plesetsk Cosmodrome, Russia","Sat Feb 01, 1969 12:11 UTC",Vostok-2M | Meteor n†­11,StatusRetired,Failure
RVSN USSR,"Site 90/19, Baikonur Cosmodrome, Kazakhstan","Sat Jan 25, 1969 11:14 UTC",Tsyklon-2A | US-A n†­5,StatusRetired,Failure
RVSN USSR,"Site 1/5, Baikonur Cosmodrome, Kazakhstan","Thu Jan 23, 1969 09:15 UTC",Voskhod | Cosmos 264,StatusRetired,Success
US Air Force,"SLC-4W, Vandenberg AFB, California, USA","Wed Jan 22, 1969 19:10 UTC",Titan IIIB | OPS 7585,StatusRetired,Success
RVSN USSR,"Site 81/23, Baikonur Cosmodrome, Kazakhstan","Mon Jan 20, 1969 04:14 UTC",Proton K/Block D | Zond,StatusRetired,Failure
RVSN USSR,"Site 1/5, Baikonur Cosmodrome, Kazakhstan","Wed Jan 15, 1969 07:04 UTC",Soyuz | Soyuz 5,StatusRetired,Success
RVSN USSR,"Site 31/6, Baikonur Cosmodrome, Kazakhstan","Tue Jan 14, 1969 07:30 UTC",Soyuz | Soyuz 4,StatusRetired,Success
RVSN USSR,"Site 41/1, Plesetsk Cosmodrome, Russia","Sun Jan 12, 1969 12:10 UTC",Voskhod | Cosmos 263,StatusRetired,Success
RVSN USSR,"Site 1/5, Baikonur Cosmodrome, Kazakhstan","Fri Jan 10, 1969 05:51 UTC",Molniya-M /Block VL | Venera 6,StatusRetired,Success
RVSN USSR,"Site 1/5, Baikonur Cosmodrome, Kazakhstan","Sun Jan 05, 1969 06:28 UTC",Molniya-M /Block VL | Venera 5,StatusRetired,Success
RVSN USSR,"Site 86/1, Kapustin Yar, Russia","Thu Dec 26, 1968 09:45 UTC",Cosmos-2I (63SM) | Cosmos 262,StatusRetired,Success
NASA,"LC-39A, Kennedy Space Center, Florida, USA","Sat Dec 21, 1968 12:51 UTC",Saturn V | Apollo 8,StatusRetired,Success
RVSN USSR,"Site 133/3, Plesetsk Cosmodrome, Russia","Thu Dec 19, 1968 23:55 UTC",Cosmos-2I (63SM) | Cosmos 261,StatusRetired,Success
RVSN USSR,"Site 1/5, Baikonur Cosmodrome, Kazakhstan","Mon Dec 16, 1968 09:15 UTC",Molniya-M /Block L | Cosmos 260,StatusRetired,Success
RVSN USSR,"Site 86/1, Kapustin Yar, Russia","Sat Dec 14, 1968 05:09 UTC",Cosmos-2I (63SM) | Cosmos 259,StatusRetired,Success
RVSN USSR,"Site 31/6, Baikonur Cosmodrome, Kazakhstan","Tue Dec 10, 1968 08:25 UTC",Voskhod | Cosmos 258,StatusRetired,Success
General Dynamics,"SLC-36B, Cape Canaveral AFS, Florida, USA","Sat Dec 07, 1968 08:40 UTC",Atlas-SLV3C Centaur-D | OAO-2,StatusRetired,Success
US Air Force,"SLC-4W, Vandenberg AFB, California, USA","Wed Dec 04, 1968 19:23 UTC",Titan IIIB | OPS 6518,StatusRetired,Success
RVSN USSR,"Site 133/3, Plesetsk Cosmodrome, Russia","Tue Dec 03, 1968 14:52 UTC",Cosmos-2I (63SM) | Cosmos 257,StatusRetired,Success
RVSN USSR,"Site 132/2, Plesetsk Cosmodrome, Russia","Sat Nov 30, 1968 12:00 UTC",Cosmos-3M (11K65M) | Cosmos 256,StatusRetired,Success
RVSN USSR,"Site 41/1, Plesetsk Cosmodrome, Russia","Fri Nov 29, 1968 12:40 UTC",Voskhod | Cosmos 255,StatusRetired,Success
CECLES,"LA-5B, RAAF Woomera Range Complex, Australia","Fri Nov 29, 1968 09:47 UTC",Europa 1 | STV-1,StatusRetired,Success
RVSN USSR,"Site 41/1, Plesetsk Cosmodrome, Russia","Thu Nov 21, 1968 12:10 UTC",Voskhod | Cosmos 254,StatusRetired,Success
RVSN USSR,"Site 81/24, Baikonur Cosmodrome, Kazakhstan","Sat Nov 16, 1968 11:40 UTC",Proton K | Proton-4,StatusRetired,Success
RVSN USSR,"Site 41/1, Plesetsk Cosmodrome, Russia","Wed Nov 13, 1968 12:00 UTC",Voskhod | Cosmos 253,StatusRetired,Success
RVSN USSR,"Site 81/23, Baikonur Cosmodrome, Kazakhstan","Sun Nov 10, 1968 19:11 UTC",Proton K/Block D | Zond-6,StatusRetired,Success
US Air Force,"SLC-4W, Vandenberg AFB, California, USA","Wed Nov 06, 1968 19:10 UTC",Titan IIIB | OPS 5296,StatusRetired,Success
RVSN USSR,"Site 90/20, Baikonur Cosmodrome, Kazakhstan","Fri Nov 01, 1968 00:27 UTC",Tsyklon-2A | Cosmos 252,StatusRetired,Success
RVSN USSR,"Site 1/5, Baikonur Cosmodrome, Kazakhstan","Thu Oct 31, 1968 09:14 UTC",Voskhod | Cosmos 251,StatusRetired,Success
RVSN USSR,"Site 132/2, Plesetsk Cosmodrome, Russia","Wed Oct 30, 1968 22:00 UTC",Cosmos-3M (11K65M) | Cosmos 250,StatusRetired,Success
RVSN USSR,"Site 31/6, Baikonur Cosmodrome, Kazakhstan","Sat Oct 26, 1968 08:34 UTC",Soyuz | Soyuz 3,StatusRetired,Success
RVSN USSR,"Site 1/5, Baikonur Cosmodrome, Kazakhstan","Fri Oct 25, 1968 09:00 UTC",Soyuz | Soyuz 2,StatusRetired,Success
RVSN USSR,"Site 90/20, Baikonur Cosmodrome, Kazakhstan","Sun Oct 20, 1968 04:02 UTC",Tsyklon-2A | Cosmos 249,StatusRetired,Success
RVSN USSR,"Site 90/19, Baikonur Cosmodrome, Kazakhstan","Sat Oct 19, 1968 04:20 UTC",Tsyklon-2A | Cosmos 248,StatusRetired,Success
NASA,"LC-34, Cape Canaveral AFS, Florida, USA","Fri Oct 11, 1968 15:02 UTC",Saturn IB | Apollo 7,StatusRetired,Success
RVSN USSR,"Site 41/1, Plesetsk Cosmodrome, Russia","Fri Oct 11, 1968 12:05 UTC",Voskhod | Cosmos 247,StatusRetired,Success
RVSN USSR,"Site 41/1, Plesetsk Cosmodrome, Russia","Mon Oct 07, 1968 12:05 UTC",Voskhod | Cosmos 246,StatusRetired,Partial Failure
RVSN USSR,"Site 1/5, Baikonur Cosmodrome, Kazakhstan","Sat Oct 05, 1968 00:32 UTC",Molniya-M /Block L | Molniya-1 n†­14,StatusRetired,Success
RVSN USSR,"Site 133/3, Plesetsk Cosmodrome, Russia","Thu Oct 03, 1968 12:59 UTC",Cosmos-2I (63SM) | Cosmos 245,StatusRetired,Success
RVSN USSR,"Site 161/35, Baikonur Cosmodrome, Kazakhstan","Wed Oct 02, 1968 13:35 UTC",Tsyklon | Cosmos 244,StatusRetired,Success
Martin Marietta,"SLC-41, Cape Canaveral AFS, Florida, USA","Thu Sep 26, 1968 07:37 UTC","Titan IIIC | LES-6, OV2-5, OV5-2, OV5-4",StatusRetired,Success
RVSN USSR,"Site 1/5, Baikonur Cosmodrome, Kazakhstan","Mon Sep 23, 1968 07:39 UTC",Voskhod | Cosmos 243,StatusRetired,Success
RVSN USSR,"Site 133/3, Plesetsk Cosmodrome, Russia","Fri Sep 20, 1968 14:39 UTC",Cosmos-2I (63SM) | Cosmos 242,StatusRetired,Success
RVSN USSR,"Site 41/1, Plesetsk Cosmodrome, Russia","Mon Sep 16, 1968 12:30 UTC",Voskhod | Cosmos 241,StatusRetired,Success
RVSN USSR,"Site 81/23, Baikonur Cosmodrome, Kazakhstan","Sat Sep 14, 1968 21:42 UTC",Proton K/Block D | Zond-5,StatusRetired,Success
RVSN USSR,"Site 31/6, Baikonur Cosmodrome, Kazakhstan","Sat Sep 14, 1968 16:50 UTC",Voskhod | Cosmos 240,StatusRetired,Success
RVSN USSR,"Site 31/6, Baikonur Cosmodrome, Kazakhstan","Thu Sep 05, 1968 07:00 UTC",Voskhod | Cosmos 239,StatusRetired,Success
RVSN USSR,"Site 31/6, Baikonur Cosmodrome, Kazakhstan","Wed Aug 28, 1968 10:04 UTC",Soyuz | Cosmos 238,StatusRetired,Success
RVSN USSR,"Site 41/1, Plesetsk Cosmodrome, Russia","Tue Aug 27, 1968 12:59 UTC",Voskhod | Cosmos 237,StatusRetired,Success
RVSN USSR,"Site 41/15, Baikonur Cosmodrome, Kazakhstan","Tue Aug 27, 1968 11:29 UTC",Cosmos-3 (11K65) | Cosmos 236,StatusRetired,Success
General Dynamics,"SLC-3E, Vandenberg AFB, California, USA","Fri Aug 16, 1968 20:57 UTC",Atlas-SLV3 Burner-2 | STP P68-1,StatusRetired,Failure
General Dynamics,"SLC-36A, Cape Canaveral AFS, Florida, USA","Sat Aug 10, 1968 22:33 UTC",Atlas-SLV3C Centaur-D | ATS-4,StatusRetired,Partial Failure
RVSN USSR,"Site 31/6, Baikonur Cosmodrome, Kazakhstan","Fri Aug 09, 1968 07:00 UTC",Voskhod | Cosmos 235,StatusRetired,Success
US Air Force,"SLC-4W, Vandenberg AFB, California, USA","Tue Aug 06, 1968 18:30 UTC",Titan IIIB | OPS 5247,StatusRetired,Success
US Air Force,"SLC-4W, Vandenberg AFB, California, USA","Tue Aug 06, 1968 16:33 UTC",Titan IIIB | OPS 5187,StatusRetired,Success
General Dynamics,"LC-13, Cape Canaveral AFS, Florida, USA","Tue Aug 06, 1968 11:08 UTC",Atlas-SLV3A Agena-D | Canyon 1 (AFP-827),StatusRetired,Success
RVSN USSR,"Site 31/6, Baikonur Cosmodrome, Kazakhstan","Tue Jul 30, 1968 07:00 UTC",Voskhod | Cosmos 234,StatusRetired,Success
RVSN USSR,"Site 133/3, Plesetsk Cosmodrome, Russia","Thu Jul 18, 1968 19:59 UTC",Cosmos-2I (63SM) | Cosmos 233,StatusRetired,Success
RVSN USSR,"Site 41/1, Plesetsk Cosmodrome, Russia","Tue Jul 16, 1968 13:10 UTC",Voskhod | Cosmos 232,StatusRetired,Success
General Dynamics,"LC-576A2, Vandenberg AFB, California, USA","Thu Jul 11, 1968 19:30 UTC",Atlas-E/F OV1 | OV1-15/OV1-16,StatusRetired,Success
RVSN USSR,"Site 31/6, Baikonur Cosmodrome, Kazakhstan","Wed Jul 10, 1968 19:49 UTC",Voskhod | Cosmos 231,StatusRetired,Success
RVSN USSR,"Site 1/5, Baikonur Cosmodrome, Kazakhstan","Fri Jul 05, 1968 15:25 UTC",Molniya-M /Block L | Molniya-1 n†­13,StatusRetired,Success
RVSN USSR,"Site 86/1, Kapustin Yar, Russia","Fri Jul 05, 1968 06:59 UTC",Cosmos-2I (63SM) | Cosmos 230,StatusRetired,Success
RVSN USSR,"Site 41/1, Plesetsk Cosmodrome, Russia","Wed Jun 26, 1968 11:00 UTC",Voskhod | Cosmos 229,StatusRetired,Success
RVSN USSR,"Site 1/5, Baikonur Cosmodrome, Kazakhstan","Fri Jun 21, 1968 12:00 UTC",Voskhod | Cosmos 228,StatusRetired,Success
RVSN USSR,"Site 31/6, Baikonur Cosmodrome, Kazakhstan","Tue Jun 18, 1968 16:15 UTC",Voskhod | Cosmos 227,StatusRetired,Success
RVSN USSR,"Site 41/15, Baikonur Cosmodrome, Kazakhstan","Sat Jun 15, 1968",Cosmos-3 (11K65) | Strela-2 #4,StatusRetired,Failure
Martin Marietta,"SLC-41, Cape Canaveral AFS, Florida, USA","Thu Jun 13, 1968 14:03 UTC",Titan IIIC | OPS 9341-9348,StatusRetired,Success
RVSN USSR,"Site 41/1, Plesetsk Cosmodrome, Russia","Wed Jun 12, 1968 13:14 UTC",Vostok-2M | Cosmos 226,StatusRetired,Success
RVSN USSR,"Site 86/1, Kapustin Yar, Russia","Tue Jun 11, 1968 21:29 UTC",Cosmos-2I (63SM) | Cosmos 225,StatusRetired,Success
US Air Force,"SLC-4W, Vandenberg AFB, California, USA","Wed Jun 05, 1968 17:31 UTC",Titan IIIB | OPS 5138,StatusRetired,Success
RVSN USSR,"Site 132/2, Plesetsk Cosmodrome, Russia","Tue Jun 04, 1968 18:45 UTC",Cosmos-3M (11K65M) | Sfera #2,StatusRetired,Failure
RVSN USSR,"Site 31/6, Baikonur Cosmodrome, Kazakhstan","Tue Jun 04, 1968 06:45 UTC",Voskhod | Cosmos 224,StatusRetired,Success
RVSN USSR,"Site 41/1, Plesetsk Cosmodrome, Russia","Sat Jun 01, 1968 10:50 UTC",Voskhod | Cosmos 223,StatusRetired,Success
RVSN USSR,"Site 133/3, Plesetsk Cosmodrome, Russia","Thu May 30, 1968 20:29 UTC",Cosmos-2I (63SM) | Cosmos 222,StatusRetired,Success
RVSN USSR,"Site 86/1, Kapustin Yar, Russia","Fri May 24, 1968 07:04 UTC",Cosmos-2I (63SM) | Cosmos 221,StatusRetired,Success
RVSN USSR,"Site 132/2, Plesetsk Cosmodrome, Russia","Tue May 07, 1968 13:57 UTC",Cosmos-3M (11K65M) | Cosmos 220,StatusRetired,Success
RVSN USSR,"Site 86/1, Kapustin Yar, Russia","Fri Apr 26, 1968 04:42 UTC",Cosmos-2I (63SM) | Cosmos 219,StatusRetired,Success
RVSN USSR,"Site 162, Baikonur Cosmodrome, Kazakhstan","Thu Apr 25, 1968 00:45 UTC",Tsyklon | Cosmos 218,StatusRetired,Success
RVSN USSR,"Site 90/19, Baikonur Cosmodrome, Kazakhstan","Wed Apr 24, 1968 16:00 UTC",Tsyklon-2A | Cosmos 217,StatusRetired,Partial Failure
RVSN USSR,"Site 81/24, Baikonur Cosmodrome, Kazakhstan","Mon Apr 22, 1968 23:01 UTC",Proton K/Block D | Zond,StatusRetired,Failure
RVSN USSR,"Site 1/5, Baikonur Cosmodrome, Kazakhstan","Sun Apr 21, 1968 04:20 UTC",Molniya-M /Block L | Molniya-1 n†­10,StatusRetired,Success
RVSN USSR,"Site 31/6, Baikonur Cosmodrome, Kazakhstan","Sat Apr 20, 1968 10:30 UTC",Voskhod | Cosmos 216,StatusRetired,Success
RVSN USSR,"Site 86/1, Kapustin Yar, Russia","Thu Apr 18, 1968 22:29 UTC",Cosmos-2I (63SM) | Cosmos 215,StatusRetired,Success
RVSN USSR,"Site 41/1, Plesetsk Cosmodrome, Russia","Thu Apr 18, 1968 10:30 UTC",Voskhod | Cosmos 214,StatusRetired,Success
US Air Force,"SLC-4W, Vandenberg AFB, California, USA","Wed Apr 17, 1968 17:00 UTC",Titan IIIB | OPS 5105,StatusRetired,Success
RVSN USSR,"Site 1/5, Baikonur Cosmodrome, Kazakhstan","Mon Apr 15, 1968 09:34 UTC",Soyuz | Cosmos 213,StatusRetired,Success
RVSN USSR,"Site 31/6, Baikonur Cosmodrome, Kazakhstan","Sun Apr 14, 1968 10:00 UTC",Soyuz | Cosmos 212,StatusRetired,Success
RVSN USSR,"Site 133/3, Plesetsk Cosmodrome, Russia","Tue Apr 09, 1968 11:26 UTC",Cosmos-2I (63SM) | Cosmos 211,StatusRetired,Success
RVSN USSR,"Site 1/5, Baikonur Cosmodrome, Kazakhstan","Sun Apr 07, 1968 10:09 UTC",Molniya-M /Block L | Luna 14,StatusRetired,Success
General Dynamics,"LC-576A2, Vandenberg AFB, California, USA","Sat Apr 06, 1968 09:59 UTC",Atlas-E/F OV1 | OV1-13/OV1-14,StatusRetired,Success
NASA,"LC-39A, Kennedy Space Center, Florida, USA","Thu Apr 04, 1968 12:00 UTC",Saturn V | Apollo 6,StatusRetired,Partial Failure
RVSN USSR,"Site 41/1, Plesetsk Cosmodrome, Russia","Wed Apr 03, 1968 11:00 UTC",Voskhod | Cosmos 210,StatusRetired,Success
OKB-586,"Site 41/15, Baikonur Cosmodrome, Kazakhstan","Thu Mar 28, 1968",Cosmos-3 (11K65) | VKZ,StatusRetired,Success
RVSN USSR,"Site 90/19, Baikonur Cosmodrome, Kazakhstan","Fri Mar 22, 1968 09:30 UTC",Tsyklon-2A | Cosmos 209,StatusRetired,Success
RVSN USSR,"Site 1/5, Baikonur Cosmodrome, Kazakhstan","Thu Mar 21, 1968 09:50 UTC",Voskhod | Cosmos 208,StatusRetired,Success
RVSN USSR,"Site 41/1, Plesetsk Cosmodrome, Russia","Sat Mar 16, 1968 12:30 UTC",Voskhod | Cosmos 207,StatusRetired,Success
RVSN USSR,"Site 41/1, Plesetsk Cosmodrome, Russia","Thu Mar 14, 1968 09:34 UTC",Vostok-2M | Cosmos 206,StatusRetired,Success
US Air Force,"SLC-4W, Vandenberg AFB, California, USA","Wed Mar 13, 1968 19:55 UTC",Titan IIIB | OPS 5057,StatusRetired,Success
RVSN USSR,"Site 86/1, Kapustin Yar, Russia","Wed Mar 06, 1968",Cosmos-2I (63SM) | DS-U1-Ya #1,StatusRetired,Failure
RVSN USSR,"Site 41/1, Plesetsk Cosmodrome, Russia","Tue Mar 05, 1968 12:30 UTC",Voskhod | Cosmos 205,StatusRetired,Success
RVSN USSR,"Site 133/3, Plesetsk Cosmodrome, Russia","Tue Mar 05, 1968 11:20 UTC",Cosmos-2I (63SM) | Cosmos 204,StatusRetired,Success
General Dynamics,"LC-13, Cape Canaveral AFS, Florida, USA","Mon Mar 04, 1968 13:06 UTC",Atlas-SLV3A Agena-D | OGO-5,StatusRetired,Success
RVSN USSR,"Site 81/23, Baikonur Cosmodrome, Kazakhstan","Sat Mar 02, 1968 18:29 UTC",Proton K/Block D | Zond-4,StatusRetired,Partial Failure
RVSN USSR,"Site 132/2, Plesetsk Cosmodrome, Russia","Tue Feb 20, 1968 16:00 UTC",Cosmos-3M (11K65M) | Cosmos 203,StatusRetired,Success
RVSN USSR,"Site 86/1, Kapustin Yar, Russia","Tue Feb 20, 1968 10:03 UTC",Cosmos-2I (63SM) | Cosmos 202,StatusRetired,Success
RVSN USSR,"Site 1/5, Baikonur Cosmodrome, Kazakhstan","Wed Feb 07, 1968 10:43 UTC",Molniya-M /Block L | E-6LS n†­112,StatusRetired,Failure
RVSN USSR,"Site 31/6, Baikonur Cosmodrome, Kazakhstan","Tue Feb 06, 1968 08:00 UTC",Voskhod | Cosmos 201,StatusRetired,Success
NASA,"SLC-37B, Cape Canaveral AFS, Florida, USA","Mon Jan 22, 1968 22:48 UTC",Saturn IB | Apollo 5,StatusRetired,Success
RVSN USSR,"Site 132/2, Plesetsk Cosmodrome, Russia","Fri Jan 19, 1968 22:00 UTC",Cosmos-3M (11K65M) | Cosmos 200,StatusRetired,Success
US Air Force,"SLC-4W, Vandenberg AFB, California, USA","Thu Jan 18, 1968 19:04 UTC",Titan IIIB | OPS 5028,StatusRetired,Success
RVSN USSR,"Site 41/1, Plesetsk Cosmodrome, Russia","Tue Jan 16, 1968 12:00 UTC",Voskhod | Cosmos 199,StatusRetired,Success
General Dynamics,"SLC-36A, Cape Canaveral AFS, Florida, USA","Sun Jan 07, 1968 06:30 UTC",Atlas-SLV3C Centaur-D | Surveyor 7,StatusRetired,Success
RVSN USSR,"Site 90/19, Baikonur Cosmodrome, Kazakhstan","Wed Dec 27, 1967 11:28 UTC",Tsyklon-2A | Cosmos 198,StatusRetired,Success
RVSN USSR,"Site 86/1, Kapustin Yar, Russia","Tue Dec 26, 1967 09:01 UTC",Cosmos-2I (63SM) | Cosmos 197,StatusRetired,Success
RVSN USSR,"Site 86/1, Kapustin Yar, Russia","Tue Dec 19, 1967 06:30 UTC",Cosmos-2I (63S1) | Cosmos 196,StatusRetired,Success
RVSN USSR,"Site 41/1, Plesetsk Cosmodrome, Russia","Sat Dec 16, 1967 12:00 UTC",Voskhod | Cosmos 195,StatusRetired,Success
US Air Force,"SLC-4W, Vandenberg AFB, California, USA","Tue Dec 05, 1967 18:45 UTC",Titan IIIB | OPS 5000,StatusRetired,Success
RVSN USSR,"Site 41/1, Plesetsk Cosmodrome, Russia","Sun Dec 03, 1967 12:00 UTC",Voskhod | Cosmos 194,StatusRetired,Success
AMBA,"LA-5B, RAAF Woomera Range Complex, Australia","Wed Nov 29, 1967",Redstone Sparta | WRESAT,StatusRetired,Success
RVSN USSR,"Site 41/1, Plesetsk Cosmodrome, Russia","Sat Nov 25, 1967 11:30 UTC",Voskhod | Cosmos 193,StatusRetired,Success
RVSN USSR,"Site 132/2, Plesetsk Cosmodrome, Russia","Thu Nov 23, 1967 15:00 UTC",Cosmos-3M (11K65M) | Cosmos 192,StatusRetired,Success
RVSN USSR,"Site 81/24, Baikonur Cosmodrome, Kazakhstan","Wed Nov 22, 1967 19:07 UTC",Proton K/Block D | Zond,StatusRetired,Failure
RVSN USSR,"Site 133/3, Plesetsk Cosmodrome, Russia","Tue Nov 21, 1967 14:29 UTC",Cosmos-2I (63SM) | Cosmos 191,StatusRetired,Success
NASA,"LC-39A, Kennedy Space Center, Florida, USA","Thu Nov 09, 1967 12:00 UTC",Saturn V | Apollo 4,StatusRetired,Success
General Dynamics,"SLC-36B, Cape Canaveral AFS, Florida, USA","Tue Nov 07, 1967 07:39 UTC",Atlas-SLV3C Centaur-D | Surveyor 6,StatusRetired,Success
General Dynamics,"LC-12, Cape Canaveral AFS, Florida, USA","Sun Nov 05, 1967 23:37 UTC",Atlas-SLV3 Agena-D | ATS-3,StatusRetired,Success
RVSN USSR,"Site 41/1, Plesetsk Cosmodrome, Russia","Fri Nov 03, 1967 11:20 UTC",Voskhod | Cosmos 190,StatusRetired,Success
RVSN USSR,"Site 132/2, Plesetsk Cosmodrome, Russia","Mon Oct 30, 1967 18:00 UTC",Cosmos-3M (11K65M) | Cosmos 189,StatusRetired,Success
RVSN USSR,"Site 1/5, Baikonur Cosmodrome, Kazakhstan","Mon Oct 30, 1967 08:12 UTC",Soyuz | Cosmos 188,StatusRetired,Success
RVSN USSR,"Site 162, Baikonur Cosmodrome, Kazakhstan","Sat Oct 28, 1967 13:15 UTC",Tsyklon | Cosmos 187,StatusRetired,Success
RVSN USSR,"Site 31/6, Baikonur Cosmodrome, Kazakhstan","Fri Oct 27, 1967 09:29 UTC",Soyuz | Cosmos 186,StatusRetired,Success
RVSN USSR,"Site 90/19, Baikonur Cosmodrome, Kazakhstan","Fri Oct 27, 1967 02:21 UTC",Tsyklon-2A | Cosmos 185,StatusRetired,Success
US Air Force,"SLC-4W, Vandenberg AFB, California, USA","Wed Oct 25, 1967 19:15 UTC",Titan IIIB | OPS 4995,StatusRetired,Success
RVSN USSR,"Site 41/1, Plesetsk Cosmodrome, Russia","Tue Oct 24, 1967 22:49 UTC",Vostok-2M | Cosmos 184,StatusRetired,Success
RVSN USSR,"Site 1/5, Baikonur Cosmodrome, Kazakhstan","Sun Oct 22, 1967 08:40 UTC",Molniya | Molniya-1 n†­12,StatusRetired,Success
RVSN USSR,"Site 161/35, Baikonur Cosmodrome, Kazakhstan","Wed Oct 18, 1967 13:30 UTC",Tsyklon | Cosmos 183,StatusRetired,Success
RVSN USSR,"Site 31/6, Baikonur Cosmodrome, Kazakhstan","Mon Oct 16, 1967 08:00 UTC",Voskhod | Cosmos 182,StatusRetired,Success
OKB-586,"Site 41/15, Baikonur Cosmodrome, Kazakhstan","Thu Oct 12, 1967 14:15 UTC",Cosmos-3 (11K65) | VKZ,StatusRetired,Success
RVSN USSR,"Site 41/1, Plesetsk Cosmodrome, Russia","Wed Oct 11, 1967 11:30 UTC",Voskhod | Cosmos 181,StatusRetired,Success
RVSN USSR,"Site 1/5, Baikonur Cosmodrome, Kazakhstan","Tue Oct 03, 1967 05:00 UTC",Molniya | Molniya-1 n†­9,StatusRetired,Success
RVSN USSR,"Site 81/23, Baikonur Cosmodrome, Kazakhstan","Wed Sep 27, 1967 21:11 UTC",Proton K/Block D | Zond,StatusRetired,Failure
RVSN USSR,"Site 132/2, Plesetsk Cosmodrome, Russia","Wed Sep 27, 1967 11:00 UTC",Cosmos-3M (11K65M) | Zaliv #2,StatusRetired,Failure
RVSN USSR,"Site 41/1, Plesetsk Cosmodrome, Russia","Tue Sep 26, 1967 10:20 UTC",Voskhod | Cosmos 180,StatusRetired,Success
RVSN USSR,"Site 162, Baikonur Cosmodrome, Kazakhstan","Fri Sep 22, 1967 14:05 UTC",Tsyklon | Cosmos 179,StatusRetired,Success
US Air Force,"SLC-4W, Vandenberg AFB, California, USA","Tue Sep 19, 1967 18:28 UTC",Titan IIIB | OPS 4941,StatusRetired,Success
RVSN USSR,"Site 161/35, Baikonur Cosmodrome, Kazakhstan","Tue Sep 19, 1967 14:45 UTC",Tsyklon | Cosmos 178,StatusRetired,Success
RVSN USSR,"Site 1/5, Baikonur Cosmodrome, Kazakhstan","Sat Sep 16, 1967 06:06 UTC",Voskhod | Cosmos 177,StatusRetired,Success
RVSN USSR,"Site 133/3, Plesetsk Cosmodrome, Russia","Tue Sep 12, 1967 17:00 UTC",Cosmos-2I (63SM) | Cosmos 176,StatusRetired,Success
RVSN USSR,"Site 41/1, Plesetsk Cosmodrome, Russia","Mon Sep 11, 1967 10:30 UTC",Voskhod | Cosmos 175,StatusRetired,Success
General Dynamics,"SLC-36B, Cape Canaveral AFS, Florida, USA","Fri Sep 08, 1967 07:57 UTC",Atlas-SLV3C Centaur-D | Surveyor 5,StatusRetired,Success
RVSN USSR,"Site 41/1, Plesetsk Cosmodrome, Russia","Fri Sep 01, 1967 10:30 UTC",Voskhod | Zenit-2 n†­51,StatusRetired,Failure
RVSN USSR,"Site 1/5, Baikonur Cosmodrome, Kazakhstan","Thu Aug 31, 1967 08:00 UTC",Molniya | Cosmos 174,StatusRetired,Success
RVSN USSR,"Site 133/3, Plesetsk Cosmodrome, Russia","Thu Aug 24, 1967 04:59 UTC",Cosmos-2I (63SM) | Cosmos 173,StatusRetired,Success
US Air Force,"SLC-4W, Vandenberg AFB, California, USA","Wed Aug 16, 1967 17:02 UTC",Titan IIIB | OPS 4866,StatusRetired,Success
RVSN USSR,"Site 1/5, Baikonur Cosmodrome, Kazakhstan","Wed Aug 09, 1967 05:45 UTC",Voskhod | Cosmos 172,StatusRetired,Success
RVSN USSR,"Site 162, Baikonur Cosmodrome, Kazakhstan","Tue Aug 08, 1967 16:05 UTC",Tsyklon | Cosmos 171,StatusRetired,Success
General Dynamics,"LC-13, Cape Canaveral AFS, Florida, USA","Tue Aug 01, 1967 22:33 UTC",Atlas-SLV3 Agena-D | Lunar Orbiter 5,StatusRetired,Success
RVSN USSR,"Site 161/35, Baikonur Cosmodrome, Kazakhstan","Mon Jul 31, 1967 16:45 UTC",Tsyklon | Cosmos 170,StatusRetired,Success
General Dynamics,"LC-576B3, Vandenberg AFB, California, USA","Thu Jul 27, 1967 19:00 UTC",Atlas-D OV1 | OV1-11/OV1-12/OV1-86,StatusRetired,Partial Failure
RVSN USSR,"Site 31/6, Baikonur Cosmodrome, Kazakhstan","Fri Jul 21, 1967 06:00 UTC",Voskhod | Zenit-4 n†­32,StatusRetired,Failure
RVSN USSR,"Site 162, Baikonur Cosmodrome, Kazakhstan","Mon Jul 17, 1967 16:45 UTC",Tsyklon | Cosmos 169,StatusRetired,Success
General Dynamics,"SLC-36A, Cape Canaveral AFS, Florida, USA","Fri Jul 14, 1967 11:53 UTC",Atlas-LV3C Centaur-D | Surveyor 4,StatusRetired,Success
RVSN USSR,"Site 31/6, Baikonur Cosmodrome, Kazakhstan","Tue Jul 04, 1967 05:59 UTC",Voskhod | Cosmos 168,StatusRetired,Success
Martin Marietta,"SLC-41, Cape Canaveral AFS, Florida, USA","Sat Jul 01, 1967 13:15 UTC","Titan IIIC | OPS 9331-9334, LES-5 & DODGE",StatusRetired,Success
RVSN USSR,"Site 132/2, Plesetsk Cosmodrome, Russia","Mon Jun 26, 1967",Cosmos-3M (11K65M) | Tselina-OM #1,StatusRetired,Failure
US Air Force,"SLC-4W, Vandenberg AFB, California, USA","Tue Jun 20, 1967 16:19 UTC",Titan IIIB | OPS 4282,StatusRetired,Partial Failure
RVSN USSR,"Site 41/1, Plesetsk Cosmodrome, Russia","Tue Jun 20, 1967 11:00 UTC",Voskhod | Zenit-4 n†­31,StatusRetired,Failure
RVSN USSR,"Site 1/5, Baikonur Cosmodrome, Kazakhstan","Sat Jun 17, 1967 02:36 UTC",Molniya-M /Block VL | Cosmos 167,StatusRetired,Partial Failure
RVSN USSR,"Site 86/1, Kapustin Yar, Russia","Fri Jun 16, 1967 04:43 UTC",Cosmos-2I (63SM) | Cosmos 166,StatusRetired,Success
General Dynamics,"LC-12, Cape Canaveral AFS, Florida, USA","Wed Jun 14, 1967 06:01 UTC",Atlas-SLV3 Agena-D | Mariner 5,StatusRetired,Success
RVSN USSR,"Site 133/3, Plesetsk Cosmodrome, Russia","Mon Jun 12, 1967 18:06 UTC",Cosmos-2I (63SM) | Cosmos 165,StatusRetired,Success
RVSN USSR,"Site 1/5, Baikonur Cosmodrome, Kazakhstan","Mon Jun 12, 1967 02:39 UTC",Molniya-M /Block VL | Venera 4,StatusRetired,Success
RVSN USSR,"Site 41/1, Plesetsk Cosmodrome, Russia","Thu Jun 08, 1967 13:00 UTC",Voskhod | Cosmos 164,StatusRetired,Success
RVSN USSR,"Site 86/1, Kapustin Yar, Russia","Mon Jun 05, 1967 05:03 UTC",Cosmos-2I (63SM) | Cosmos 163,StatusRetired,Success
General Dynamics,"SLC-4E, Vandenberg AFB, California, USA","Sun Jun 04, 1967 18:07 UTC",Atlas-SLV3 Agena-D | KH-7 Gambit 4038,StatusRetired,Success
RVSN USSR,"Site 1/5, Baikonur Cosmodrome, Kazakhstan","Thu Jun 01, 1967 10:40 UTC",Voskhod | Cosmos 162,StatusRetired,Success
RVSN USSR,"Site 1/5, Baikonur Cosmodrome, Kazakhstan","Wed May 24, 1967 22:50 UTC",Molniya | Molniya-1 n†­8,StatusRetired,Success
General Dynamics,"SLC-4E, Vandenberg AFB, California, USA","Mon May 22, 1967 18:30 UTC",Atlas-SLV3 Agena-D | KH-7 Gambit 4037,StatusRetired,Success
RVSN USSR,"Site 41/1, Plesetsk Cosmodrome, Russia","Mon May 22, 1967 14:00 UTC",Voskhod | Cosmos 161,StatusRetired,Success
RVSN USSR,"Site 161/35, Baikonur Cosmodrome, Kazakhstan","Wed May 17, 1967 16:05 UTC",Tsyklon | Cosmos 160,StatusRetired,Success
RVSN USSR,"Site 1/5, Baikonur Cosmodrome, Kazakhstan","Tue May 16, 1967 21:44 UTC",Molniya-M /Block L | Cosmos 159,StatusRetired,Partial Failure
RVSN USSR,"Site 132/2, Plesetsk Cosmodrome, Russia","Mon May 15, 1967 11:00 UTC",Cosmos-3M (11K65M) | Cosmos 158,StatusRetired,Success
RVSN USSR,"Site 1/5, Baikonur Cosmodrome, Kazakhstan","Fri May 12, 1967 10:30 UTC",Vostok-2 | Cosmos 157,StatusRetired,Success
General Dynamics,"LC-13, Cape Canaveral AFS, Florida, USA","Thu May 04, 1967 22:25 UTC",Atlas-SLV3 Agena-D | Lunar Orbiter 4,StatusRetired,Success
Martin Marietta,"SLC-41, Cape Canaveral AFS, Florida, USA","Fri Apr 28, 1967 10:01 UTC","Titan IIIC | OPS-6638, OPS-6679, ORS-4, OV5-1, OV5-3",StatusRetired,Success
RVSN USSR,"Site 41/1, Plesetsk Cosmodrome, Russia","Thu Apr 27, 1967 12:50 UTC",Vostok-2M | Cosmos 156,StatusRetired,Success
US Air Force,"SLC-4W, Vandenberg AFB, California, USA","Wed Apr 26, 1967",Titan IIIB | OPS 4243,StatusRetired,Failure
ASI,"SM Launch Tab, San Marco Launch Platform, Kenya","Wed Apr 26, 1967 10:06 UTC",Scout B | San Marco 2,StatusRetired,Success
RVSN USSR,"Site 1/5, Baikonur Cosmodrome, Kazakhstan","Sun Apr 23, 1967 00:35 UTC",Soyuz | Soyuz 1,StatusRetired,Success
General Dynamics,"SLC-36B, Cape Canaveral AFS, Florida, USA","Mon Apr 17, 1967 07:05 UTC",Atlas-LV3C Centaur-D | Surveyor 3,StatusRetired,Success
RVSN USSR,"Site 1/5, Baikonur Cosmodrome, Kazakhstan","Wed Apr 12, 1967 10:51 UTC",Voskhod | Cosmos 155,StatusRetired,Success
RVSN USSR,"Site 81/23, Baikonur Cosmodrome, Kazakhstan","Sat Apr 08, 1967 09:00 UTC",Proton K/Block D | Cosmos 154,StatusRetired,Partial Failure
General Dynamics,"LC-12, Cape Canaveral AFS, Florida, USA","Thu Apr 06, 1967 03:23 UTC",Atlas-SLV3 Agena-D | ATS-2,StatusRetired,Partial Failure
RVSN USSR,"Site 41/1, Plesetsk Cosmodrome, Russia","Tue Apr 04, 1967 14:00 UTC",Vostok-2 | Cosmos 153,StatusRetired,Success
UT,"Uchinoura Space Center, Japan","Mon Apr 03, 1967",Lambda-IV S | Osumi,StatusRetired,Failure
RVSN USSR,"Site 133/3, Plesetsk Cosmodrome, Russia","Sat Mar 25, 1967 06:59 UTC",Cosmos-2I (63SM) | Cosmos 152,StatusRetired,Success
RVSN USSR,"Site 41/15, Baikonur Cosmodrome, Kazakhstan","Fri Mar 24, 1967 11:50 UTC",Cosmos-3 (11K65) | Cosmos 151,StatusRetired,Success
RVSN USSR,"Site 161/35, Baikonur Cosmodrome, Kazakhstan","Wed Mar 22, 1967 14:05 UTC",Tsyklon | OGTch 3,StatusRetired,Failure
RVSN USSR,"Site 41/1, Plesetsk Cosmodrome, Russia","Wed Mar 22, 1967 12:44 UTC",Voskhod | Cosmos 150,StatusRetired,Success
RVSN USSR,"Site 86/1, Kapustin Yar, Russia","Tue Mar 21, 1967 10:07 UTC",Cosmos-2I (63SM) | Cosmos 149,StatusRetired,Success
RVSN USSR,"Site 133/3, Plesetsk Cosmodrome, Russia","Thu Mar 16, 1967 17:30 UTC",Cosmos-2I (63SM) | Cosmos 148,StatusRetired,Success
RVSN USSR,"Site 41/1, Plesetsk Cosmodrome, Russia","Mon Mar 13, 1967 12:10 UTC",Vostok-2 | Cosmos 147,StatusRetired,Success
RVSN USSR,"Site 81/23, Baikonur Cosmodrome, Kazakhstan","Fri Mar 10, 1967 11:30 UTC",Proton K/Block D | Cosmos 146,StatusRetired,Success
RVSN USSR,"Site 86/1, Kapustin Yar, Russia","Fri Mar 03, 1967 06:44 UTC",Cosmos-2I (63SM) | Cosmos 145,StatusRetired,Success
RVSN USSR,"Site 41/1, Plesetsk Cosmodrome, Russia","Tue Feb 28, 1967 14:34 UTC",Vostok-2M | Cosmos 144,StatusRetired,Success
RVSN USSR,"Site 1/5, Baikonur Cosmodrome, Kazakhstan","Mon Feb 27, 1967 08:45 UTC",Vostok-2 | Cosmos 143,StatusRetired,Partial Failure
US Air Force,"SLC-4W, Vandenberg AFB, California, USA","Fri Feb 24, 1967 19:55 UTC",Titan IIIB | OPS 4204,StatusRetired,Success
Arm??e de l'Air,"Brigitte, Hammaguir, Algeria, France","Wed Feb 15, 1967 10:06 UTC",Diamant A | Diad?ªme 2,StatusRetired,Success
RVSN USSR,"Site 86/1, Kapustin Yar, Russia","Tue Feb 14, 1967 10:04 UTC",Cosmos-2I (63SM) | Cosmos 142,StatusRetired,Success
RVSN USSR,"Site 41/1, Plesetsk Cosmodrome, Russia","Wed Feb 08, 1967 10:19 UTC",Voskhod | Cosmos 141,StatusRetired,Success
Arm??e de l'Air,"Brigitte, Hammaguir, Algeria, France","Wed Feb 08, 1967 08:39 UTC",Diamant A | Diad?ªme 1,StatusRetired,Partial Failure
RVSN USSR,"Site 1/5, Baikonur Cosmodrome, Kazakhstan","Tue Feb 07, 1967 13:20 UTC",Soyuz | Cosmos 140,StatusRetired,Success
General Dynamics,"LC-13, Cape Canaveral AFS, Florida, USA","Sun Feb 05, 1967 01:17 UTC",Atlas-SLV3 Agena-D | Lunar Orbiter 3,StatusRetired,Success
General Dynamics,"SLC-4E, Vandenberg AFB, California, USA","Thu Feb 02, 1967 20:00 UTC",Atlas-SLV3 Agena-D | KH-7 Gambit 4036,StatusRetired,Success
NASA,"LC-34, Cape Canaveral AFS, Florida, USA","Fri Jan 27, 1967 23:31 UTC",Saturn IB | Apollo 1,StatusRetired,Failure
RVSN USSR,"Site 162, Baikonur Cosmodrome, Kazakhstan","Wed Jan 25, 1967 13:55 UTC",Tsyklon | Cosmos 139,StatusRetired,Success
RVSN USSR,"Site 41/1, Plesetsk Cosmodrome, Russia","Thu Jan 19, 1967 12:39 UTC",Vostok-2 | Cosmos 138,StatusRetired,Success
Martin Marietta,"SLC-41, Cape Canaveral AFS, Florida, USA","Wed Jan 18, 1967 14:19 UTC",Titan IIIC | OPS 9321-9328,StatusRetired,Success
RVSN USSR,"Site 86/1, Kapustin Yar, Russia","Wed Dec 21, 1966 13:11 UTC",Cosmos-2I (63S1) | Cosmos 137,StatusRetired,Success
RVSN USSR,"Site 1/5, Baikonur Cosmodrome, Kazakhstan","Wed Dec 21, 1966 10:17 UTC",Molniya-M /Block L | Luna 13,StatusRetired,Success
UT,"Uchinoura Space Center, Japan","Tue Dec 20, 1966",Lambda-IV S | Osumi,StatusRetired,Failure
RVSN USSR,"Site 41/1, Plesetsk Cosmodrome, Russia","Mon Dec 19, 1966 12:01 UTC",Vostok-2 | Cosmos 136,StatusRetired,Success
US Air Force,"SLC-4W, Vandenberg AFB, California, USA","Wed Dec 14, 1966 18:14 UTC",Titan IIIB | OPS 8968,StatusRetired,Success
RVSN USSR,"Site 31/6, Baikonur Cosmodrome, Kazakhstan","Wed Dec 14, 1966 11:27 UTC",Soyuz | Soyuz 7K-OK n†­1,StatusRetired,Prelaunch Failure
RVSN USSR,"Site 86/1, Kapustin Yar, Russia","Mon Dec 12, 1966 20:37 UTC",Cosmos-2I (63SM) | Cosmos 135,StatusRetired,Success
General Dynamics,"LC-576B3, Vandenberg AFB, California, USA","Sun Dec 11, 1966 21:10 UTC",Atlas-D OV1 | OV1-9/OV1-10,StatusRetired,Success
General Dynamics,"LC-12, Cape Canaveral AFS, Florida, USA","Wed Dec 07, 1966 02:12 UTC",Atlas-SLV3 Agena-D | ATS-1,StatusRetired,Success
General Dynamics,"SLC-4E, Vandenberg AFB, California, USA","Mon Dec 05, 1966 21:09 UTC",Atlas-SLV3 Agena-D | KH-7 Gambit 4035,StatusRetired,Success
RVSN USSR,"Site 31/6, Baikonur Cosmodrome, Kazakhstan","Sat Dec 03, 1966 08:15 UTC",Voskhod | Cosmos 134,StatusRetired,Success
RVSN USSR,"Site 31/6, Baikonur Cosmodrome, Kazakhstan","Mon Nov 28, 1966 11:00 UTC",Soyuz | Cosmos 133,StatusRetired,Success
RVSN USSR,"Site 31/6, Baikonur Cosmodrome, Kazakhstan","Sat Nov 19, 1966 08:00 UTC",Vostok-2 | Cosmos 132,StatusRetired,Success
RVSN USSR,"Site 41/15, Baikonur Cosmodrome, Kazakhstan","Wed Nov 16, 1966 13:00 UTC",Cosmos-3 (11K65) | Strela-2 #2,StatusRetired,Failure
RVSN USSR,"Site 41/1, Plesetsk Cosmodrome, Russia","Sat Nov 12, 1966 09:51 UTC",Voskhod | Cosmos 131,StatusRetired,Success
NASA,"LC-19, Cape Canaveral AFS, Florida, USA","Fri Nov 11, 1966 20:46 UTC",Titan II GLV | Gemini XII,StatusRetired,Success
General Dynamics,"LC-14, Cape Canaveral AFS, Florida, USA","Fri Nov 11, 1966 19:08 UTC",Atlas-SLV3 Agena-D | GATV 5001,StatusRetired,Success
General Dynamics,"LC-13, Cape Canaveral AFS, Florida, USA","Sun Nov 06, 1966 23:21 UTC",Atlas-SLV3 Agena-D | Lunar Orbiter 2,StatusRetired,Success
Martin Marietta,"SLC-40, Cape Canaveral AFS, Florida, USA","Thu Nov 03, 1966 13:50 UTC","Titan IIIC | Gemini B, OV4-3, &  OV4-1R/T",StatusRetired,Success
General Dynamics,"SLC-4E, Vandenberg AFB, California, USA","Wed Nov 02, 1966 20:23 UTC",Atlas-SLV3 Agena-D | KH-7 Gambit 4034,StatusRetired,Success
RVSN USSR,"Site 162, Baikonur Cosmodrome, Kazakhstan","Wed Nov 02, 1966 00:45 UTC",Tsyklon | OGTch 2,StatusRetired,Partial Failure
General Dynamics,"SLC-36B, Cape Canaveral AFS, Florida, USA","Wed Oct 26, 1966 11:12 UTC",Atlas-LV3C Centaur-D | Surveyor SD-4,StatusRetired,Success
RVSN USSR,"Site 31/6, Baikonur Cosmodrome, Kazakhstan","Sat Oct 22, 1966 08:38 UTC",Molniya-M /Block L | Luna 12,StatusRetired,Success
RVSN USSR,"Site 31/6, Baikonur Cosmodrome, Kazakhstan","Thu Oct 20, 1966 08:46 UTC",Voskhod | Cosmos 130,StatusRetired,Success
RVSN USSR,"Site 1/5, Baikonur Cosmodrome, Kazakhstan","Thu Oct 20, 1966 07:50 UTC",Molniya | Molniya-1 n†­7,StatusRetired,Success
RVSN USSR,"Site 41/1, Plesetsk Cosmodrome, Russia","Fri Oct 14, 1966 12:13 UTC",Vostok-2 | Cosmos 129,StatusRetired,Success
General Dynamics,"SLC-4E, Vandenberg AFB, California, USA","Wed Oct 12, 1966 19:15 UTC",Atlas-SLV3 Agena-D | KH-7 Gambit 4033,StatusRetired,Success
General Dynamics,"SLC-3E, Vandenberg AFB, California, USA","Wed Oct 05, 1966 22:00 UTC",Atlas-SLV3 Agena-D | Midas 12,StatusRetired,Success
US Air Force,"SLC-4W, Vandenberg AFB, California, USA","Wed Sep 28, 1966 19:12 UTC",Titan IIIB | OPS 4096,StatusRetired,Success
UT,"Uchinoura Space Center, Japan","Mon Sep 26, 1966",Lambda-IV S | Osumi,StatusRetired,Failure
General Dynamics,"SLC-36A, Cape Canaveral AFS, Florida, USA","Tue Sep 20, 1966 12:32 UTC",Atlas-LV3C Centaur-D | Surveyor 2,StatusRetired,Success
RVSN USSR,"Site 162, Baikonur Cosmodrome, Kazakhstan","Sat Sep 17, 1966 22:35 UTC",Tsyklon | OGTch 1,StatusRetired,Partial Failure
General Dynamics,"SLC-4E, Vandenberg AFB, California, USA","Fri Sep 16, 1966 17:59 UTC",Atlas-SLV3 Agena-D | KH-7 Gambit 4032,StatusRetired,Success
RVSN USSR,"Site 31/6, Baikonur Cosmodrome, Kazakhstan","Fri Sep 16, 1966 09:30 UTC",Vostok-2 | Zenit-2 n†­40,StatusRetired,Failure
NASA,"LC-19, Cape Canaveral AFS, Florida, USA","Mon Sep 12, 1966 14:42 UTC",Titan II GLV | Gemini XI,StatusRetired,Success
General Dynamics,"LC-14, Cape Canaveral AFS, Florida, USA","Mon Sep 12, 1966 13:05 UTC",Atlas-SLV3 Agena-D | GATV 5006,StatusRetired,Success
RVSN USSR,"Site 31/6, Baikonur Cosmodrome, Kazakhstan","Sat Aug 27, 1966 09:50 UTC",Voskhod | Cosmos 128,StatusRetired,Success
Martin Marietta,"SLC-41, Cape Canaveral AFS, Florida, USA","Fri Aug 26, 1966 13:59 UTC","Titan IIIC | IDCSP-1 8-14, GGTS-2",StatusRetired,Failure
NASA,"LC-34, Cape Canaveral AFS, Florida, USA","Thu Aug 25, 1966 17:15 UTC",Saturn IB | AS-202,StatusRetired,Success
RVSN USSR,"Site 31/6, Baikonur Cosmodrome, Kazakhstan","Wed Aug 24, 1966 08:09 UTC",Molniya-M /Block L | Luna 11,StatusRetired,Success
General Dynamics,"SLC-3E, Vandenberg AFB, California, USA","Fri Aug 19, 1966 19:30 UTC",Atlas-SLV3 Agena-D | Midas 11,StatusRetired,Success
General Dynamics,"SLC-4E, Vandenberg AFB, California, USA","Tue Aug 16, 1966 18:30 UTC",Atlas-SLV3 Agena-D | KH-7 Gambit 4031,StatusRetired,Success
General Dynamics,"LC-13, Cape Canaveral AFS, Florida, USA","Wed Aug 10, 1966 19:26 UTC",Atlas-SLV3 Agena-D | Lunar Orbiter 1,StatusRetired,Success
RVSN USSR,"Site 31/6, Baikonur Cosmodrome, Kazakhstan","Mon Aug 08, 1966 11:29 UTC",Voskhod | Cosmos 127,StatusRetired,Success
US Air Force,"SLC-4W, Vandenberg AFB, California, USA","Fri Jul 29, 1966 18:43 UTC",Titan IIIB | KH-8,StatusRetired,Success
RVSN USSR,"Site 31/6, Baikonur Cosmodrome, Kazakhstan","Thu Jul 28, 1966 10:50 UTC",Voskhod | Cosmos 126,StatusRetired,Success
RVSN USSR,"Site 31/6, Baikonur Cosmodrome, Kazakhstan","Wed Jul 20, 1966 08:58 UTC",Vostok-2A | Cosmos 125,StatusRetired,Success
NASA,"LC-19, Cape Canaveral AFS, Florida, USA","Mon Jul 18, 1966 22:20 UTC",Titan II GLV | Gemini X,StatusRetired,Success
General Dynamics,"LC-14, Cape Canaveral AFS, Florida, USA","Mon Jul 18, 1966 20:39 UTC",Atlas-SLV3 Agena-D | GATV 5005,StatusRetired,Success
RVSN USSR,"Site 31/6, Baikonur Cosmodrome, Kazakhstan","Thu Jul 14, 1966 10:25 UTC",Voskhod | Cosmos 124,StatusRetired,Success
General Dynamics,"LC-576B3, Vandenberg AFB, California, USA","Thu Jul 14, 1966 02:10 UTC",Atlas-D OV1 | OV1-7/OV1-8,StatusRetired,Partial Failure
General Dynamics,"SLC-4E, Vandenberg AFB, California, USA","Tue Jul 12, 1966 17:57 UTC",Atlas-SLV3 Agena-D | KH-7 Gambit 4030,StatusRetired,Success
RVSN USSR,"Site 86/1, Kapustin Yar, Russia","Fri Jul 08, 1966 05:31 UTC",Cosmos-2I (63S1) | Cosmos 123,StatusRetired,Success
RVSN USSR,"Site 81/24, Baikonur Cosmodrome, Kazakhstan","Wed Jul 06, 1966 12:57 UTC",Proton | Proton-3,StatusRetired,Success
NASA,"SLC-37B, Cape Canaveral AFS, Florida, USA","Tue Jul 05, 1966 14:53 UTC",Saturn IB | AS-203,StatusRetired,Success
RVSN USSR,"Site 31/6, Baikonur Cosmodrome, Kazakhstan","Sat Jun 25, 1966 10:18 UTC",Vostok-2M | Cosmos 122,StatusRetired,Success
RVSN USSR,"Site 41/1, Plesetsk Cosmodrome, Russia","Fri Jun 17, 1966 11:00 UTC",Voskhod | Cosmos 121,StatusRetired,Success
Martin Marietta,"SLC-41, Cape Canaveral AFS, Florida, USA","Thu Jun 16, 1966 14:00 UTC",Titan IIIC | OPS 9311-9317 & GGTS-1,StatusRetired,Success
General Dynamics,"SLC-3E, Vandenberg AFB, California, USA","Thu Jun 09, 1966 20:15 UTC",Atlas-SLV3 Agena-D | Midas 10,StatusRetired,Partial Failure
RVSN USSR,"Site 31/6, Baikonur Cosmodrome, Kazakhstan","Wed Jun 08, 1966 11:00 UTC",Voskhod | Cosmos 120,StatusRetired,Success
General Dynamics,"LC-12, Cape Canaveral AFS, Florida, USA","Tue Jun 07, 1966 02:48 UTC",Atlas-SLV3 Agena-B | OGO-3,StatusRetired,Success
General Dynamics,"SLC-4E, Vandenberg AFB, California, USA","Fri Jun 03, 1966 19:25 UTC",Atlas-SLV3 Agena-D | KH-7 Gambit 4029,StatusRetired,Success
NASA,"LC-19, Cape Canaveral AFS, Florida, USA","Fri Jun 03, 1966 13:39 UTC",Titan II GLV | Gemini IX-A,StatusRetired,Partial Failure
General Dynamics,"LC-14, Cape Canaveral AFS, Florida, USA","Wed Jun 01, 1966 15:00 UTC",Atlas SLV-3 | ATDA,StatusRetired,Success
General Dynamics,"SLC-36A, Cape Canaveral AFS, Florida, USA","Mon May 30, 1966 14:41 UTC",Atlas-LV3C Centaur-D | Surveyor 1,StatusRetired,Success
RVSN USSR,"Site 86/1, Kapustin Yar, Russia","Tue May 24, 1966 05:30 UTC",Cosmos-2I (63SM) | Cosmos 119,StatusRetired,Success
General Dynamics,"LC-14, Cape Canaveral AFS, Florida, USA","Tue May 17, 1966 15:15 UTC",Atlas-SLV3 Agena-D | GATV 5004,StatusRetired,Failure
RVSN USSR,"Site 41/1, Plesetsk Cosmodrome, Russia","Tue May 17, 1966 11:00 UTC",Voskhod | Zenit-4 n†­18,StatusRetired,Failure
NASA,"LC-19, Cape Canaveral AFS, Florida, USA","Mon May 16, 1966 16:41 UTC",Titan II GLV | Gemini VIII,StatusRetired,Partial Failure
General Dynamics,"SLC-4E, Vandenberg AFB, California, USA","Sat May 14, 1966 18:30 UTC",Atlas-SLV3 Agena-D | KH-7 Gambit 4028,StatusRetired,Success
RVSN USSR,"Site 31/6, Baikonur Cosmodrome, Kazakhstan","Wed May 11, 1966 14:10 UTC",Vostok-2M | Cosmos 118,StatusRetired,Success
RVSN USSR,"Site 31/6, Baikonur Cosmodrome, Kazakhstan","Fri May 06, 1966 10:58 UTC",Vostok-2 | Cosmos 117,StatusRetired,Success
RVSN USSR,"Site 86/1, Kapustin Yar, Russia","Tue Apr 26, 1966 10:04 UTC",Cosmos-2I (63SM) | Cosmos 116,StatusRetired,Success
RVSN USSR,"Site 31/6, Baikonur Cosmodrome, Kazakhstan","Mon Apr 25, 1966 07:10 UTC",Molniya | Molniya-1 n†­6,StatusRetired,Success
RVSN USSR,"Site 31/6, Baikonur Cosmodrome, Kazakhstan","Wed Apr 20, 1966 10:40 UTC",Vostok-2 | Cosmos 115,StatusRetired,Success
General Dynamics,"SLC-4E, Vandenberg AFB, California, USA","Tue Apr 19, 1966 19:12 UTC",Atlas-SLV3 Agena-D | KH-7 Gambit 4027,StatusRetired,Success
General Dynamics,"LC-12, Cape Canaveral AFS, Florida, USA","Fri Apr 08, 1966 19:35 UTC",Atlas-SLV3B Agena-D | OAO-1,StatusRetired,Success
General Dynamics,"SLC-36B, Cape Canaveral AFS, Florida, USA","Fri Apr 08, 1966 01:00 UTC",Atlas-LV3C Centaur-D | Surveyor Model-3,StatusRetired,Partial Failure
RVSN USSR,"Site 41/1, Plesetsk Cosmodrome, Russia","Wed Apr 06, 1966 11:40 UTC",Voskhod | Cosmos 114,StatusRetired,Success
RVSN USSR,"Site 31/6, Baikonur Cosmodrome, Kazakhstan","Thu Mar 31, 1966 10:48 UTC",Molniya-M /Block L | Luna 10,StatusRetired,Success
General Dynamics,"LC-576B3, Vandenberg AFB, California, USA","Wed Mar 30, 1966 09:20 UTC",Atlas-D OV1 | OV1-4/OV1-5,StatusRetired,Success
RVSN USSR,"Site 31/6, Baikonur Cosmodrome, Kazakhstan","Sun Mar 27, 1966 07:20 UTC",Molniya | Molniya-1 n†­5,StatusRetired,Failure
RVSN USSR,"Site 81/24, Baikonur Cosmodrome, Kazakhstan","Thu Mar 24, 1966 14:39 UTC",Proton | Proton-3a,StatusRetired,Failure
RVSN USSR,"Site 31/6, Baikonur Cosmodrome, Kazakhstan","Mon Mar 21, 1966 09:40 UTC",Voskhod | Cosmos 113,StatusRetired,Success
General Dynamics,"SLC-4E, Vandenberg AFB, California, USA","Fri Mar 18, 1966 20:30 UTC",Atlas-SLV3 Agena-D | KH-7 Gambit 4026,StatusRetired,Success
RVSN USSR,"Site 41/1, Plesetsk Cosmodrome, Russia","Thu Mar 17, 1966 10:28 UTC",Vostok-2 | Cosmos 112,StatusRetired,Success
General Dynamics,"LC-14, Cape Canaveral AFS, Florida, USA","Wed Mar 16, 1966 15:00 UTC",Atlas-SLV3 Agena-D | GATV 5003,StatusRetired,Success
RVSN USSR,"Site 31/6, Baikonur Cosmodrome, Kazakhstan","Tue Mar 01, 1966 11:03 UTC",Molniya-M /Block L | Cosmos 111,StatusRetired,Partial Failure
NASA,"LC-34, Cape Canaveral AFS, Florida, USA","Sat Feb 26, 1966 16:12 UTC",Saturn IB | AS-201,StatusRetired,Success
RVSN USSR,"Site 31/6, Baikonur Cosmodrome, Kazakhstan","Tue Feb 22, 1966 20:09 UTC",Voskhod | Cosmos 110,StatusRetired,Success
RVSN USSR,"Site 86/1, Kapustin Yar, Russia","Mon Feb 21, 1966",Cosmos-2I (63S1) | DS-K40 #2,StatusRetired,Failure
RVSN USSR,"Site 31/6, Baikonur Cosmodrome, Kazakhstan","Sat Feb 19, 1966 08:49 UTC",Voskhod | Cosmos 109,StatusRetired,Success
Arm??e de l'Air,"Brigitte, Hammaguir, Algeria, France","Thu Feb 17, 1966 07:33 UTC",Diamant A | Diapason,StatusRetired,Success
General Dynamics,"SLC-4E, Vandenberg AFB, California, USA","Tue Feb 15, 1966 13:04 UTC",Atlas-SLV3 Agena-D | KH-7 Gambit 4025,StatusRetired,Success
RVSN USSR,"Site 86/1, Kapustin Yar, Russia","Fri Feb 11, 1966 18:00 UTC",Cosmos-2I (63S1) | Cosmos 108,StatusRetired,Success
RVSN USSR,"Site 31/6, Baikonur Cosmodrome, Kazakhstan","Thu Feb 10, 1966 08:40 UTC",Vostok-2 | Cosmos 107,StatusRetired,Success
RVSN USSR,"Site 31/6, Baikonur Cosmodrome, Kazakhstan","Mon Jan 31, 1966 11:45 UTC",Molniya-M /Block L | Luna 9,StatusRetired,Success
RVSN USSR,"Site 86/1, Kapustin Yar, Russia","Tue Jan 25, 1966 12:28 UTC",Cosmos-2I (63SM) | Cosmos 106,StatusRetired,Success
RVSN USSR,"Site 31/6, Baikonur Cosmodrome, Kazakhstan","Sat Jan 22, 1966 08:30 UTC",Vostok-2 | Cosmos 105,StatusRetired,Success
General Dynamics,"SLC-4E, Vandenberg AFB, California, USA","Wed Jan 19, 1966 20:10 UTC",Atlas-SLV3 Agena-D | KH-7 Gambit 4024,StatusRetired,Success
RVSN USSR,"Site 31/6, Baikonur Cosmodrome, Kazakhstan","Fri Jan 07, 1966 08:20 UTC",Vostok-2 | Cosmos 104,StatusRetired,Partial Failure
RVSN USSR,"Site 86/1, Kapustin Yar, Russia","Tue Dec 28, 1965",Cosmos-2I (63S1) | DS-K40 #1,StatusRetired,Failure
RVSN USSR,"Site 41/15, Baikonur Cosmodrome, Kazakhstan","Tue Dec 28, 1965 12:30 UTC",Cosmos-1 (65S3) | Cosmos 103,StatusRetired,Success
RVSN USSR,"Site 31/6, Baikonur Cosmodrome, Kazakhstan","Mon Dec 27, 1965 22:24 UTC",Vostok-2A | Cosmos 102,StatusRetired,Success
Martin Marietta,"SLC-41, Cape Canaveral AFS, Florida, USA","Tue Dec 21, 1965 14:00 UTC","Titan IIIC | LES 3 & 4, OV2-3, OSCAR-4",StatusRetired,Partial Failure
RVSN USSR,"Site 86/1, Kapustin Yar, Russia","Tue Dec 21, 1965 06:14 UTC",Cosmos-2I (63S1) | Cosmos 101,StatusRetired,Success
RVSN USSR,"Site 31/6, Baikonur Cosmodrome, Kazakhstan","Fri Dec 17, 1965 02:20 UTC",Vostok-2M | Cosmos 100,StatusRetired,Success
NASA,"LC-19, Cape Canaveral AFS, Florida, USA","Wed Dec 15, 1965 13:37 UTC",Titan II GLV | Gemini VI-A,StatusRetired,Success
RVSN USSR,"Site 31/6, Baikonur Cosmodrome, Kazakhstan","Fri Dec 10, 1965 08:10 UTC",Vostok-2 | Cosmos 99,StatusRetired,Success
NASA,"LC-19, Cape Canaveral AFS, Florida, USA","Sat Dec 04, 1965 19:30 UTC",Titan II GLV | Gemini VII,StatusRetired,Success
RVSN USSR,"Site 31/6, Baikonur Cosmodrome, Kazakhstan","Fri Dec 03, 1965 10:46 UTC",Molniya | Luna 8,StatusRetired,Success
RVSN USSR,"Site 31/6, Baikonur Cosmodrome, Kazakhstan","Sat Nov 27, 1965 08:20 UTC",Vostok-2 | Cosmos 98,StatusRetired,Success
Arm??e de l'Air,"Brigitte, Hammaguir, Algeria, France","Fri Nov 26, 1965 14:47 UTC",Diamant A | Ast??rix,StatusRetired,Success
RVSN USSR,"Site 86/1, Kapustin Yar, Russia","Fri Nov 26, 1965 12:14 UTC",Cosmos-2I (63SM) | Cosmos 97,StatusRetired,Success
RVSN USSR,"Site 31/6, Baikonur Cosmodrome, Kazakhstan","Tue Nov 23, 1965 03:21 UTC",Molniya | Cosmos 96,StatusRetired,Partial Failure
RVSN USSR,"Site 31/6, Baikonur Cosmodrome, Kazakhstan","Tue Nov 16, 1965 04:19 UTC",Molniya | Venera 3,StatusRetired,Success
RVSN USSR,"Site 31/6, Baikonur Cosmodrome, Kazakhstan","Fri Nov 12, 1965 05:02 UTC",Molniya | Venera 2,StatusRetired,Success
General Dynamics,"SLC-4E, Vandenberg AFB, California, USA","Mon Nov 08, 1965 19:26 UTC",Atlas-SLV3 Agena-D | KH-7 Gambit 4023,StatusRetired,Success
RVSN USSR,"Site 86/1, Kapustin Yar, Russia","Thu Nov 04, 1965 05:31 UTC",Cosmos-2I (63SM) | Cosmos 95,StatusRetired,Success
RVSN USSR,"Site 81/24, Baikonur Cosmodrome, Kazakhstan","Tue Nov 02, 1965 12:29 UTC",Proton | Proton-2,StatusRetired,Success
RVSN USSR,"Site 31/6, Baikonur Cosmodrome, Kazakhstan","Thu Oct 28, 1965 08:15 UTC",Voskhod | Cosmos 94,StatusRetired,Success
General Dynamics,"LC-14, Cape Canaveral AFS, Florida, USA","Mon Oct 25, 1965 15:00 UTC",Atlas-SLV3 Agena-D | GATV 5002,StatusRetired,Failure
RVSN USSR,"Site 86/1, Kapustin Yar, Russia","Tue Oct 19, 1965 05:44 UTC",Cosmos-2I (63SM) | Cosmos 93,StatusRetired,Success
RVSN USSR,"Site 31/6, Baikonur Cosmodrome, Kazakhstan","Sat Oct 16, 1965 08:14 UTC",Voskhod | Cosmos 92,StatusRetired,Success
Martin Marietta,"SLC-40, Cape Canaveral AFS, Florida, USA","Fri Oct 15, 1965 17:23 UTC",Titan IIIC | LCS-2 & OV2-1,StatusRetired,Failure
RVSN USSR,"Site 1/5, Baikonur Cosmodrome, Kazakhstan","Thu Oct 14, 1965 06:00 UTC",Molniya | Molniya-1 n†­4,StatusRetired,Success
General Dynamics,"LC-576B3, Vandenberg AFB, California, USA","Tue Oct 05, 1965 09:07 UTC",Atlas-D OV1 | OV1-2,StatusRetired,Success
RVSN USSR,"Site 1/5, Baikonur Cosmodrome, Kazakhstan","Mon Oct 04, 1965 07:55 UTC",Molniya-M /Block L | Luna 7,StatusRetired,Success
General Dynamics,"SLC-4E, Vandenberg AFB, California, USA","Thu Sep 30, 1965 19:20 UTC",Atlas-SLV3 Agena-D | KH-7 Gambit 4022,StatusRetired,Success
RVSN USSR,"Site 31/6, Baikonur Cosmodrome, Kazakhstan","Thu Sep 23, 1965 09:00 UTC",Voskhod | Cosmos 91,StatusRetired,Success
RVSN USSR,"Site 41/15, Baikonur Cosmodrome, Kazakhstan","Sat Sep 18, 1965 07:59 UTC",Cosmos-1 (65S3) | Cosmos 86 to 90,StatusRetired,Success
RVSN USSR,"Site 31/6, Baikonur Cosmodrome, Kazakhstan","Thu Sep 09, 1965 09:30 UTC",Voskhod | Cosmos 85,StatusRetired,Success
RVSN USSR,"Site 41/15, Baikonur Cosmodrome, Kazakhstan","Fri Sep 03, 1965 03:31 UTC",Cosmos-1 (65S3) | Cosmos 80 to 84,StatusRetired,Success
RVSN USSR,"Site 1/5, Baikonur Cosmodrome, Kazakhstan","Wed Aug 25, 1965 10:10 UTC",Voskhod | Cosmos 79,StatusRetired,Success
NASA,"LC-19, Cape Canaveral AFS, Florida, USA","Sat Aug 21, 1965 13:59 UTC",Titan II GLV | Gemini V,StatusRetired,Success
RVSN USSR,"Site 31/6, Baikonur Cosmodrome, Kazakhstan","Sat Aug 14, 1965 10:56 UTC",Vostok-2 | Cosmos 78,StatusRetired,Success
General Dynamics,"SLC-36B, Cape Canaveral AFS, Florida, USA","Wed Aug 11, 1965 14:31 UTC",Atlas-LV3C Centaur-D | Surveyor SD-2,StatusRetired,Success
General Dynamics,"SLC-4E, Vandenberg AFB, California, USA","Tue Aug 03, 1965 19:12 UTC",Atlas-SLV3 Agena-D | KH-7 Gambit 4021,StatusRetired,Success
RVSN USSR,"Site 31/6, Baikonur Cosmodrome, Kazakhstan","Tue Aug 03, 1965 11:00 UTC",Voskhod | Cosmos 77,StatusRetired,Success
NASA,"SLC-37B, Cape Canaveral AFS, Florida, USA","Fri Jul 30, 1965 13:00 UTC",Saturn I | A-105,StatusRetired,Success
RVSN USSR,"Site 86/1, Kapustin Yar, Russia","Fri Jul 23, 1965 04:33 UTC",Cosmos-2I (63S1) | Cosmos 76,StatusRetired,Success
General Dynamics,"LC-13, Cape Canaveral AFS, Florida, USA","Tue Jul 20, 1965 08:27 UTC",Atlas-LV3 Agena-D | Vela 3A/3B,StatusRetired,Success
RVSN USSR,"Site 1/5, Baikonur Cosmodrome, Kazakhstan","Sun Jul 18, 1965 14:38 UTC",Molniya | Zond 3,StatusRetired,Success
RVSN USSR,"Site 81/24, Baikonur Cosmodrome, Kazakhstan","Fri Jul 16, 1965 11:16 UTC",Proton | Proton-1,StatusRetired,Success
RVSN USSR,"Site 41/15, Baikonur Cosmodrome, Kazakhstan","Fri Jul 16, 1965 03:31 UTC",Cosmos-1 (65S3) | Cosmos 71 to 75,StatusRetired,Success
RVSN USSR,"Site 31/6, Baikonur Cosmodrome, Kazakhstan","Tue Jul 13, 1965 11:00 UTC",Vostok-2 | Zenit-2 n†­28,StatusRetired,Failure
General Dynamics,"SLC-4E, Vandenberg AFB, California, USA","Mon Jul 12, 1965 19:00 UTC",Atlas-SLV3 Agena-D | KH-7 Gambit 4020,StatusRetired,Failure
RVSN USSR,"Site 86/1, Kapustin Yar, Russia","Fri Jul 02, 1965 06:30 UTC",Cosmos-2I (63S1) | Cosmos 70,StatusRetired,Success
General Dynamics,"SLC-4E, Vandenberg AFB, California, USA","Fri Jun 25, 1965 19:30 UTC",Atlas-SLV3 Agena-D | KH-7 Gambit 4019,StatusRetired,Success
RVSN USSR,"Site 1/5, Baikonur Cosmodrome, Kazakhstan","Fri Jun 25, 1965 09:45 UTC",Voskhod | Cosmos 69,StatusRetired,Success
Martin Marietta,"SLC-40, Cape Canaveral AFS, Florida, USA","Fri Jun 18, 1965 14:00 UTC",Titan IIIC | Transtage 5,StatusRetired,Success
RVSN USSR,"Site 31/6, Baikonur Cosmodrome, Kazakhstan","Tue Jun 15, 1965 09:43 UTC",Vostok-2 | Cosmos 68,StatusRetired,Success
RVSN USSR,"Site 1/5, Baikonur Cosmodrome, Kazakhstan","Tue Jun 08, 1965 07:41 UTC",Molniya | Luna 6,StatusRetired,Success
NASA,"LC-19, Cape Canaveral AFS, Florida, USA","Thu Jun 03, 1965 15:15 UTC",Titan II GLV | Gemini IV,StatusRetired,Success
General Dynamics,"LC-576B3, Vandenberg AFB, California, USA","Fri May 28, 1965 02:54 UTC",Atlas-D OV1 | OV1-3,StatusRetired,Failure
General Dynamics,"SLC-4E, Vandenberg AFB, California, USA","Thu May 27, 1965 19:30 UTC",Atlas-SLV3 Agena-D | KH-7 Gambit 4018,StatusRetired,Success
RVSN USSR,"Site 31/6, Baikonur Cosmodrome, Kazakhstan","Tue May 25, 1965 10:50 UTC",Voskhod | Cosmos 67,StatusRetired,Success
NASA,"SLC-37B, Cape Canaveral AFS, Florida, USA","Tue May 25, 1965 07:35 UTC",Saturn I | A-104,StatusRetired,Success
RVSN USSR,"Site 1/5, Baikonur Cosmodrome, Kazakhstan","Sun May 09, 1965 07:45 UTC",Molniya | Luna 5,StatusRetired,Success
RVSN USSR,"Site 31/6, Baikonur Cosmodrome, Kazakhstan","Fri May 07, 1965 09:29 UTC",Vostok-2 | Cosmos 66,StatusRetired,Success
US Air Force,"SLC-20, Cape Canaveral AFS, Florida, USA","Thu May 06, 1965 15:00 UTC",Titan IIIA | LES 2 & LCS 1,StatusRetired,Success
General Dynamics,"SLC-4E, Vandenberg AFB, California, USA","Wed Apr 28, 1965 20:17 UTC",Atlas-SLV3 Agena-D | KH-7 Gambit 4017,StatusRetired,Success
RVSN USSR,"Site 1/5, Baikonur Cosmodrome, Kazakhstan","Fri Apr 23, 1965 01:55 UTC",Molniya | Molniya-1 n†­3,StatusRetired,Success
RVSN USSR,"Site 31/6, Baikonur Cosmodrome, Kazakhstan","Sat Apr 17, 1965 09:50 UTC",Voskhod | Cosmos 65,StatusRetired,Success
RVSN USSR,"Site 1/5, Baikonur Cosmodrome, Kazakhstan","Sat Apr 10, 1965 08:15 UTC",Molniya | E-6 n†­8 (Luna),StatusRetired,Failure
General Dynamics,"SLC-4E, Vandenberg AFB, California, USA","Sat Apr 03, 1965 21:25 UTC",Atlas-SLV3 Agena-D | SNAPSHOT,StatusRetired,Success
RVSN USSR,"Site 31/6, Baikonur Cosmodrome, Kazakhstan","Thu Mar 25, 1965 10:00 UTC",Vostok-2 | Cosmos 64,StatusRetired,Success
NASA,"LC-19, Cape Canaveral AFS, Florida, USA","Tue Mar 23, 1965 14:24 UTC",Titan II GLV | Gemini 3,StatusRetired,Success
General Dynamics,"LC-12, Cape Canaveral AFS, Florida, USA","Sun Mar 21, 1965 21:37 UTC",Atlas-LV3 Agena-B | Ranger 9,StatusRetired,Success
RVSN USSR,"Site 1/5, Baikonur Cosmodrome, Kazakhstan","Thu Mar 18, 1965 07:00 UTC",Voskhod | Voskhod 2,StatusRetired,Success
RVSN USSR,"Site 41/15, Baikonur Cosmodrome, Kazakhstan","Mon Mar 15, 1965 11:00 UTC","Cosmos-1 (65S3) | Cosmos 61, 62 & 63",StatusRetired,Success
General Dynamics,"SLC-4W, Vandenberg AFB, California, USA","Fri Mar 12, 1965 19:25 UTC",Atlas-SLV3 Agena-D | KH-7 Gambit 4016,StatusRetired,Success
RVSN USSR,"Site 1/5, Baikonur Cosmodrome, Kazakhstan","Fri Mar 12, 1965 09:36 UTC",Molniya | Cosmos 60,StatusRetired,Success
RVSN USSR,"Site 31/6, Baikonur Cosmodrome, Kazakhstan","Sun Mar 07, 1965 08:59 UTC",Voskhod | Cosmos 59,StatusRetired,Success
General Dynamics,"SLC-36A, Cape Canaveral AFS, Florida, USA","Tue Mar 02, 1965 13:25 UTC",Atlas-LV3C Centaur-C | Surveyor-SD 1,StatusRetired,Failure
RVSN USSR,"Site 31/6, Baikonur Cosmodrome, Kazakhstan","Fri Feb 26, 1965 05:01 UTC",Vostok-2M | Cosmos 58,StatusRetired,Success
RVSN USSR,"Site 1/5, Baikonur Cosmodrome, Kazakhstan","Mon Feb 22, 1965 07:30 UTC",Voskhod | Cosmos 57,StatusRetired,Success
RVSN USSR,"Site 41/15, Baikonur Cosmodrome, Kazakhstan","Sun Feb 21, 1965 11:00 UTC","Cosmos-1 (65S3) | Cosmos 54, 55 & 56",StatusRetired,Success
RVSN USSR,"Site 86/1, Kapustin Yar, Russia","Sat Feb 20, 1965 06:30 UTC",Cosmos-2I (63S1) | DS-A1 #6,StatusRetired,Failure
General Dynamics,"LC-12, Cape Canaveral AFS, Florida, USA","Wed Feb 17, 1965 17:05 UTC",Atlas-LV3 Agena-B | Ranger 8,StatusRetired,Success
NASA,"SLC-37B, Cape Canaveral AFS, Florida, USA","Tue Feb 16, 1965 14:37 UTC",Saturn I | A-103,StatusRetired,Success
RVSN USSR,"Site 86/1, Kapustin Yar, Russia","Fri Feb 12, 1965 12:00 UTC",Cosmos-2I (63S1) | DS-P1 You #2,StatusRetired,Failure
US Air Force,"SLC-20, Cape Canaveral AFS, Florida, USA","Thu Feb 11, 1965 15:19 UTC",Titan IIIA | LES 1,StatusRetired,Success
RVSN USSR,"Site 86/1, Kapustin Yar, Russia","Sat Jan 30, 1965 09:36 UTC",Cosmos-2I (63S1) | Cosmos 53,StatusRetired,Success
General Dynamics,"SLC-4W, Vandenberg AFB, California, USA","Sat Jan 23, 1965 20:09 UTC",Atlas-SLV3 Agena-D | KH-7 Gambit 4015,StatusRetired,Success
General Dynamics,"LC-576B3, Vandenberg AFB, California, USA","Thu Jan 21, 1965 20:09 UTC",Atlas-D OV1 | OV1-1,StatusRetired,Failure
NASA,"LC-19, Cape Canaveral AFS, Florida, USA","Tue Jan 19, 1965 14:04 UTC",Titan II GLV | Gemini 2,StatusRetired,Success
RVSN USSR,"Site 31/6, Baikonur Cosmodrome, Kazakhstan","Mon Jan 11, 1965 09:29 UTC",Vostok-2 | Cosmos 52,StatusRetired,Success
General Dynamics,"SLC-36A, Cape Canaveral AFS, Florida, USA","Fri Dec 11, 1964 14:25 UTC",Atlas-LV3C Centaur-C | Surveyor-Model 1,StatusRetired,Partial Failure
US Air Force,"SLC-20, Cape Canaveral AFS, Florida, USA","Thu Dec 10, 1964 16:52 UTC",Titan IIIA | Transtage 2,StatusRetired,Success
RVSN USSR,"Site 86/1, Kapustin Yar, Russia","Wed Dec 09, 1964 23:02 UTC",Cosmos-2I (63S1) | Cosmos 51,StatusRetired,Success
General Dynamics,"SLC-4E, Vandenberg AFB, California, USA","Fri Dec 04, 1964 18:57 UTC",Atlas-SLV3 Agena-D | KH-7 Gambit 4014,StatusRetired,Success
RVSN USSR,"Mayak-2, Kapustin Yar, Russia","Tue Dec 01, 1964",Cosmos-2I (63S1) | DS-2 #2,StatusRetired,Failure
RVSN USSR,"Site 1/5, Baikonur Cosmodrome, Kazakhstan","Mon Nov 30, 1964 13:12 UTC",Molniya | Zond 2,StatusRetired,Success
General Dynamics,"LC-12, Cape Canaveral AFS, Florida, USA","Sat Nov 28, 1964 14:22 UTC",Atlas-LV3 Agena-D | Mariner 4,StatusRetired,Success
General Dynamics,"LC-13, Cape Canaveral AFS, Florida, USA","Thu Nov 05, 1964 19:22 UTC",Atlas-LV3 Agena-D | Mariner 3,StatusRetired,Failure
RVSN USSR,"Site 31/6, Baikonur Cosmodrome, Kazakhstan","Wed Oct 28, 1964 10:40 UTC",Vostok-2 | Cosmos 50,StatusRetired,Success
RVSN USSR,"Mayak-2, Kapustin Yar, Russia","Sat Oct 24, 1964 05:16 UTC",Cosmos-2I (63S1) | Cosmos 49,StatusRetired,Success
RVSN USSR,"Site 41/15, Baikonur Cosmodrome, Kazakhstan","Fri Oct 23, 1964","Cosmos-1 (65S3) | Strela-1 #4, 5, 6",StatusRetired,Failure
General Dynamics,"SLC-4W, Vandenberg AFB, California, USA","Fri Oct 23, 1964 18:30 UTC",Atlas-LV3 Agena-D | KH-7 Gambit 4013,StatusRetired,Success
RVSN USSR,"Site 31/6, Baikonur Cosmodrome, Kazakhstan","Wed Oct 14, 1964 10:00 UTC",Vostok-2 | Cosmos 48,StatusRetired,Success
RVSN USSR,"Site 1/5, Baikonur Cosmodrome, Kazakhstan","Mon Oct 12, 1964 07:30 UTC",Voskhod | Voskhod 1,StatusRetired,Success
General Dynamics,"SLC-4E, Vandenberg AFB, California, USA","Thu Oct 08, 1964",Atlas-SLV3 Agena-D | KH-7 Gambit 4012,StatusRetired,Failure
RVSN USSR,"Site 1/5, Baikonur Cosmodrome, Kazakhstan","Tue Oct 06, 1964 07:00 UTC",Voskhod | Cosmos 47,StatusRetired,Success
RVSN USSR,"Site 31/6, Baikonur Cosmodrome, Kazakhstan","Thu Sep 24, 1964 12:04 UTC",Vostok-2 | Cosmos 46,StatusRetired,Success
General Dynamics,"SLC-4E, Vandenberg AFB, California, USA","Wed Sep 23, 1964 13:10 UTC",Atlas-SLV3 Agena-D | KH-7 Gambit 4011,StatusRetired,Success
NASA,"SLC-37B, Cape Canaveral AFS, Florida, USA","Fri Sep 18, 1964 16:22 UTC",Saturn I | A-102,StatusRetired,Success
RVSN USSR,"Site 1/5, Baikonur Cosmodrome, Kazakhstan","Sun Sep 13, 1964 09:45 UTC",Voskhod | Cosmos 45,StatusRetired,Success
General Dynamics,"LC-12, Cape Canaveral AFS, Florida, USA","Sat Sep 05, 1964 01:23 UTC",Atlas-LV3 Agena-B | OGO 1,StatusRetired,Success
US Air Force,"SLC-20, Cape Canaveral AFS, Florida, USA","Tue Sep 01, 1964 15:00 UTC",Titan IIIA | Transtage 1,StatusRetired,Failure
RVSN USSR,"Site 31/6, Baikonur Cosmodrome, Kazakhstan","Fri Aug 28, 1964 16:00 UTC",Vostok-2M | Cosmos 44,StatusRetired,Success
RVSN USSR,"Mayak-2, Kapustin Yar, Russia","Sat Aug 22, 1964 11:02 UTC",Cosmos-2I (63S1) | Cosmos 42 & 43,StatusRetired,Success
RVSN USSR,"Site 1/5, Baikonur Cosmodrome, Kazakhstan","Sat Aug 22, 1964 07:21 UTC",Molniya | Cosmos 41,StatusRetired,Success
RVSN USSR,"Site 41/15, Baikonur Cosmodrome, Kazakhstan","Tue Aug 18, 1964 09:15 UTC","Cosmos-1 (65S3) | Cosmos 38, 39 & 40",StatusRetired,Success
General Dynamics,"SLC-4E, Vandenberg AFB, California, USA","Fri Aug 14, 1964 22:00 UTC",Atlas-SLV3 Agena-D | KH-7 Gambit 4010,StatusRetired,Success
RVSN USSR,"Site 31/6, Baikonur Cosmodrome, Kazakhstan","Fri Aug 14, 1964 09:30 UTC",Vostok-2 | Cosmos 37,StatusRetired,Success
RVSN USSR,"Mayak-2, Kapustin Yar, Russia","Thu Jul 30, 1964 03:36 UTC",Cosmos-2I (63S1) | Cosmos 36,StatusRetired,Success
General Dynamics,"LC-12, Cape Canaveral AFS, Florida, USA","Tue Jul 28, 1964 16:50 UTC",Atlas-LV3 Agena-B | Ranger 7,StatusRetired,Success
General Dynamics,"LC-13, Cape Canaveral AFS, Florida, USA","Fri Jul 17, 1964 02:37 UTC",Atlas-LV3 Agena-D | Vela 2A/2B,StatusRetired,Success
RVSN USSR,"Site 31/6, Baikonur Cosmodrome, Kazakhstan","Wed Jul 15, 1964 11:27 UTC",Vostok-2 | Cosmos 35,StatusRetired,Success
RVSN USSR,"Site 1/5, Baikonur Cosmodrome, Kazakhstan","Fri Jul 10, 1964",Vostok | Elektron 3 & 4,StatusRetired,Success
General Dynamics,"SLC-4W, Vandenberg AFB, California, USA","Mon Jul 06, 1964 18:51 UTC",Atlas-LV3 Agena-D | KH-7 Gambit 4009,StatusRetired,Success
RVSN USSR,"Site 1/5, Baikonur Cosmodrome, Kazakhstan","Wed Jul 01, 1964 11:00 UTC",Voskhod | Cosmos 34,StatusRetired,Success
General Dynamics,"SLC-36A, Cape Canaveral AFS, Florida, USA","Tue Jun 30, 1964 14:04 UTC",Atlas-LV3C Centaur-C | AC-3 (Test Vehicle),StatusRetired,Failure
RVSN USSR,"Site 31/6, Baikonur Cosmodrome, Kazakhstan","Tue Jun 23, 1964 10:00 UTC",Vostok-2 | Cosmos 33,StatusRetired,Success
RVSN USSR,"Site 31/6, Baikonur Cosmodrome, Kazakhstan","Wed Jun 10, 1964 11:00 UTC",Vostok-2 | Cosmos 32,StatusRetired,Success
RVSN USSR,"Mayak-2, Kapustin Yar, Russia","Sat Jun 06, 1964 06:00 UTC",Cosmos-2I (63S1) | Cosmos 31,StatusRetired,Success
RVSN USSR,"Site 1/5, Baikonur Cosmodrome, Kazakhstan","Thu Jun 04, 1964 04:00 UTC",Molniya | Molniya-1 n†­1,StatusRetired,Failure
NASA,"SLC-37B, Cape Canaveral AFS, Florida, USA","Thu May 28, 1964 17:07 UTC",Saturn I | A-101,StatusRetired,Success
General Dynamics,"SLC-4W, Vandenberg AFB, California, USA","Tue May 19, 1964 19:21 UTC",Atlas-LV3 Agena-D | KH-7 Gambit 4008,StatusRetired,Success
RVSN USSR,"Site 1/5, Baikonur Cosmodrome, Kazakhstan","Mon May 18, 1964 09:42 UTC",Voskhod | Cosmos 30,StatusRetired,Success
RVSN USSR,"Site 31/6, Baikonur Cosmodrome, Kazakhstan","Sat Apr 25, 1964 10:21 UTC",Vostok-2 | Cosmos 29,StatusRetired,Success
General Dynamics,"SLC-4W, Vandenberg AFB, California, USA","Thu Apr 23, 1964 16:19 UTC",Atlas-LV3 Agena-D | KH-7 Gambit 4007,StatusRetired,Success
RVSN USSR,"Site 1/5, Baikonur Cosmodrome, Kazakhstan","Mon Apr 20, 1964 08:08 UTC",Molniya | E-6 n†­5 (Luna 5),StatusRetired,Failure
RVSN USSR,"Site 1/5, Baikonur Cosmodrome, Kazakhstan","Sun Apr 12, 1964 09:31 UTC",Poliot | Poliot-2,StatusRetired,Success
NASA,"LC-19, Cape Canaveral AFS, Florida, USA","Wed Apr 08, 1964 16:01 UTC",Titan II GLV | Gemini 1,StatusRetired,Success
RVSN USSR,"Site 31/6, Baikonur Cosmodrome, Kazakhstan","Sat Apr 04, 1964 09:45 UTC",Vostok-2 | Cosmos 28,StatusRetired,Success
RVSN USSR,"Site 1/5, Baikonur Cosmodrome, Kazakhstan","Thu Apr 02, 1964 02:42 UTC",Molniya | Zond 1,StatusRetired,Success
RVSN USSR,"Site 1/5, Baikonur Cosmodrome, Kazakhstan","Fri Mar 27, 1964 03:24 UTC",Molniya | Cosmos 27,StatusRetired,Partial Failure
RVSN USSR,"Site 1/5, Baikonur Cosmodrome, Kazakhstan","Sat Mar 21, 1964 08:15 UTC",Molniya | E-6 n†­6,StatusRetired,Failure
RVSN USSR,"Mayak-2, Kapustin Yar, Russia","Wed Mar 18, 1964 15:07 UTC",Cosmos-2I (63S1) | Cosmos 26,StatusRetired,Success
General Dynamics,"SLC-4W, Vandenberg AFB, California, USA","Wed Mar 11, 1964 20:14 UTC",Atlas-LV3 Agena-D | KH-7 Gambit 4006,StatusRetired,Success
RVSN USSR,"Mayak-2, Kapustin Yar, Russia","Thu Feb 27, 1964 13:26 UTC",Cosmos-2I (63S1) | Cosmos 25,StatusRetired,Success
General Dynamics,"SLC-4W, Vandenberg AFB, California, USA","Tue Feb 25, 1964 18:59 UTC",Atlas-LV3 Agena-D | KH-7 Gambit 4005,StatusRetired,Success
RVSN USSR,"Site 1/5, Baikonur Cosmodrome, Kazakhstan","Wed Feb 19, 1964 05:47 UTC",Molniya | 3MV-1 n†­2 (Zond 1),StatusRetired,Failure
General Dynamics,"LC-12, Cape Canaveral AFS, Florida, USA","Thu Jan 30, 1964 15:49 UTC",Atlas-LV3 Agena-B | Ranger 6,StatusRetired,Success
RVSN USSR,"Site 1/5, Baikonur Cosmodrome, Kazakhstan","Thu Jan 30, 1964 09:45 UTC",Vostok | Elektron 1 & 2,StatusRetired,Success
NASA,"LC-34, Cape Canaveral AFS, Florida, USA","Wed Jan 29, 1964 16:25 UTC",Saturn I | SA-5,StatusRetired,Success
NASA,"SLC-5, Vandenberg AFB, California, USA","Thu Dec 19, 1963 18:49 UTC",Scout X-4 | Explorer 19 (AD-A),StatusRetired,Success
RVSN USSR,"Site 1/5, Baikonur Cosmodrome, Kazakhstan","Thu Dec 19, 1963 09:28 UTC",Vostok-2 | Cosmos 24,StatusRetired,Success
General Dynamics,"SLC-4W, Vandenberg AFB, California, USA","Wed Dec 18, 1963 21:45 UTC",Atlas-LV3 Agena-D | KH-7 Gambit 4004,StatusRetired,Success
RVSN USSR,"Mayak-2, Kapustin Yar, Russia","Fri Dec 13, 1963 14:15 UTC",Cosmos-2I (63S1) | Cosmos 23,StatusRetired,Success
RVSN USSR,"Site 1/5, Baikonur Cosmodrome, Kazakhstan","Thu Nov 28, 1963 09:19 UTC",Vostok-2 | Zenit-2 n†­14,StatusRetired,Failure
General Dynamics,"SLC-36A, Cape Canaveral AFS, Florida, USA","Wed Nov 27, 1963 19:03 UTC",Atlas-LV3C Centaur-B | AC-2 (Test Vehicle),StatusRetired,Success
RVSN USSR,"Site 1/5, Baikonur Cosmodrome, Kazakhstan","Sat Nov 16, 1963 10:34 UTC",Voskhod | Cosmos 22,StatusRetired,Success
RVSN USSR,"Site 1/5, Baikonur Cosmodrome, Kazakhstan","Mon Nov 11, 1963 06:23 UTC",Molniya | Cosmos 21,StatusRetired,Success
RVSN USSR,"Site 1/5, Baikonur Cosmodrome, Kazakhstan","Fri Nov 01, 1963 08:56 UTC",Poliot | Poliot-1,StatusRetired,Success
General Dynamics,"SLC-4W, Vandenberg AFB, California, USA","Fri Oct 25, 1963 18:59 UTC",Atlas-LV3 Agena-D | KH-7 Gambit 4003,StatusRetired,Success
RVSN USSR,"Mayak-2, Kapustin Yar, Russia","Thu Oct 24, 1963 04:30 UTC",Cosmos-2I (63S1) | DS-A1 #4,StatusRetired,Failure
RVSN USSR,"Site 1/5, Baikonur Cosmodrome, Kazakhstan","Fri Oct 18, 1963 09:29 UTC",Vostok-2 | Cosmos 20,StatusRetired,Success
General Dynamics,"LC-13, Cape Canaveral AFS, Florida, USA","Thu Oct 17, 1963 02:37 UTC",Atlas-LV3 Agena-D | Vela 1A/1B,StatusRetired,Success
US Air Force,"SLC-5, Vandenberg AFB, California, USA","Fri Sep 27, 1963 11:17 UTC",Scout X-2B | DSAP-1 F5 (Program 35),StatusRetired,Failure
General Dynamics,"SLC-4W, Vandenberg AFB, California, USA","Fri Sep 06, 1963 19:30 UTC",Atlas-LV3 Agena-D | KH-7 Gambit 4002,StatusRetired,Success
RVSN USSR,"Mayak-2, Kapustin Yar, Russia","Thu Aug 22, 1963 06:00 UTC",Cosmos-2I (63S1) | DS-A1 #3,StatusRetired,Failure
RVSN USSR,"Mayak-2, Kapustin Yar, Russia","Tue Aug 06, 1963 06:00 UTC",Cosmos-2I (63S1) | Cosmos 19,StatusRetired,Success
General Dynamics,"SLC-3E, Vandenberg AFB, California, USA","Fri Jul 19, 1963 03:51 UTC",Atlas-LV3 Agena-B | Midas 9,StatusRetired,Success
General Dynamics,"SLC-4W, Vandenberg AFB, California, USA","Fri Jul 12, 1963 20:46 UTC",Atlas-LV3 Agena-D | KH-7 Gambit 4001,StatusRetired,Success
RVSN USSR,"Site 1/5, Baikonur Cosmodrome, Kazakhstan","Wed Jul 10, 1963 10:03 UTC",Vostok-2 | Zenit-2 n†­12,StatusRetired,Failure
US Air Force,"SLC-5, Vandenberg AFB, California, USA","Fri Jun 28, 1963 21:19 UTC",Scout X-4 | CRL-1 (GRS),StatusRetired,Success
RVSN USSR,"Site 1/5, Baikonur Cosmodrome, Kazakhstan","Sun Jun 16, 1963 09:29 UTC",Vostok | Vostok 6,StatusRetired,Success
US Air Force,"SLC-5, Vandenberg AFB, California, USA","Sun Jun 16, 1963 01:49 UTC",Scout X-3 | Transit-5A 3,StatusRetired,Success
RVSN USSR,"Site 1/5, Baikonur Cosmodrome, Kazakhstan","Fri Jun 14, 1963 11:58 UTC",Vostok | Vostok 5,StatusRetired,Success
General Dynamics,"SLC-3E, Vandenberg AFB, California, USA","Wed Jun 12, 1963",Atlas-LV3 Agena-B | Midas 8,StatusRetired,Failure
RVSN USSR,"Mayak-2, Kapustin Yar, Russia","Sat Jun 01, 1963",Cosmos-2I (63S1) | DS-MT #1,StatusRetired,Failure
RVSN USSR,"Site 1/5, Baikonur Cosmodrome, Kazakhstan","Fri May 24, 1963 10:34 UTC",Vostok-2 | Cosmos 18,StatusRetired,Success
RVSN USSR,"Mayak-2, Kapustin Yar, Russia","Wed May 22, 1963 03:00 UTC",Cosmos-2I (63S1) | Cosmos 17,StatusRetired,Success
NASA,"LC-14, Cape Canaveral AFS, Florida, USA","Wed May 15, 1963 13:04 UTC",Atlas-D Mercury | Faith 7 (MA-9),StatusRetired,Success
General Dynamics,"SLC-3E, Vandenberg AFB, California, USA","Thu May 09, 1963 20:06 UTC",Atlas-LV3 Agena-B | Midas 7,StatusRetired,Success
RVSN USSR,"Site 1/5, Baikonur Cosmodrome, Kazakhstan","Sun Apr 28, 1963 08:49 UTC",Vostok-2 | Cosmos 16,StatusRetired,Success
US Air Force,"SLC-5, Vandenberg AFB, California, USA","Fri Apr 26, 1963",Scout X-2M | DSAP-1 F4 (Program 35),StatusRetired,Failure
RVSN USSR,"Site 1/5, Baikonur Cosmodrome, Kazakhstan","Mon Apr 22, 1963 08:30 UTC",Vostok-2 | Cosmos 15,StatusRetired,Success
RVSN USSR,"Mayak-2, Kapustin Yar, Russia","Sat Apr 13, 1963 11:00 UTC",Cosmos-2I (63S1) | Cosmos 14,StatusRetired,Success
RVSN USSR,"Mayak-2, Kapustin Yar, Russia","Sat Apr 06, 1963 03:01 UTC",Cosmos-2I (63S1) | DS-P1 #2,StatusRetired,Failure
US Air Force,"SLC-5, Vandenberg AFB, California, USA","Fri Apr 05, 1963 03:01 UTC",Scout X-3 | Transit-5A 2,StatusRetired,Failure
RVSN USSR,"Site 1/5, Baikonur Cosmodrome, Kazakhstan","Tue Apr 02, 1963 08:04 UTC",Molniya | Luna 4,StatusRetired,Success
RVSN USSR,"Site 1/5, Baikonur Cosmodrome, Kazakhstan","Thu Mar 21, 1963 08:30 UTC",Vostok-2 | Cosmos 13,StatusRetired,Success
US Air Force,"SLC-5, Vandenberg AFB, California, USA","Tue Feb 19, 1963 16:33 UTC",Scout X-3M | DSAP-1 F3 (Program 35),StatusRetired,Success
RVSN USSR,"Site 1/5, Baikonur Cosmodrome, Kazakhstan","Sun Feb 03, 1963 09:29 UTC",Molniya | E-6 n†­2 (Luna 4),StatusRetired,Failure
RVSN USSR,"Site 1/5, Baikonur Cosmodrome, Kazakhstan","Fri Jan 04, 1963 08:49 UTC",Molniya | E-6 n†­1 (Luna 4),StatusRetired,Failure
RVSN USSR,"Site 1/5, Baikonur Cosmodrome, Kazakhstan","Sat Dec 22, 1962 09:24 UTC",Vostok-2 | Cosmos 12,StatusRetired,Success
US Air Force,"SLC-5, Vandenberg AFB, California, USA","Wed Dec 19, 1962 01:25 UTC",Scout X-3 | Transit-5A 1,StatusRetired,Success
General Dynamics,"SLC-3E, Vandenberg AFB, California, USA","Mon Dec 17, 1962 20:36 UTC",Atlas-LV3 Agena-B | Midas 6,StatusRetired,Failure
NASA,"LA-3, Wallops Flight Facility, Virginia, USA","Sun Dec 16, 1962 14:33 UTC",Scout X-3 | Explorer 16 (S-55B),StatusRetired,Success
US Air Force,"SLC-1E (75-3-5), Vandenberg AFB, California, USA","Fri Dec 14, 1962 21:26 UTC",Thor DM-21 Agena-D | FTV 1156,StatusRetired,Success
US Air Force,"SLC-17A, Cape Canaveral AFS, Florida, USA","Thu Dec 13, 1962 23:30 UTC",Delta B | Relay 1,StatusRetired,Success
US Air Force,"SLC-2E (75-1-1), Vandenberg AFB, California, USA","Thu Dec 13, 1962 04:07 UTC",Thor DM-21 Agena-D | Injun 3 & Others,StatusRetired,Success
US Air Force,"SLC-2E (75-1-1), Vandenberg AFB, California, USA","Tue Dec 04, 1962 21:30 UTC",Thor DM-21 Agena-D | FTV 1155,StatusRetired,Success
US Air Force,"SLC-1W (75-3-4), Vandenberg AFB, California, USA","Sat Nov 24, 1962 22:01 UTC",Thor DM-21 Agena-B | FTV 1135,StatusRetired,Success
General Dynamics,"SLC-3W, Vandenberg AFB, California, USA","Sun Nov 11, 1962 20:17 UTC",Atlas-LV3 Agena-B | Samos 11,StatusRetired,Success
US Air Force,"SLC-1W (75-3-4), Vandenberg AFB, California, USA","Mon Nov 05, 1962 22:04 UTC",Thor DM-21 Agena-B | FTV 1136,StatusRetired,Success
RVSN USSR,"Site 1/5, Baikonur Cosmodrome, Kazakhstan","Sun Nov 04, 1962 15:35 UTC",Molniya | 2MV-3 n†­1 (Mars 2),StatusRetired,Failure
RVSN USSR,"Site 1/5, Baikonur Cosmodrome, Kazakhstan","Thu Nov 01, 1962 16:14 UTC",Molniya | Mars 1,StatusRetired,Success
US Air Force,"SLC-17A, Cape Canaveral AFS, Florida, USA","Wed Oct 31, 1962 08:08 UTC",Thor-DM21 Ablestar | ANNA 1B,StatusRetired,Success
US Air Force,"SLC-17B, Cape Canaveral AFS, Florida, USA","Sat Oct 27, 1962 23:15 UTC",Delta A | Explorer 15,StatusRetired,Success
US Air Force,"SLC-2W, Vandenberg AFB, California, USA","Fri Oct 26, 1962 16:14 UTC",Thor DM-21 Agena-D | STARAD,StatusRetired,Success
RVSN USSR,"Mayak-2, Kapustin Yar, Russia","Thu Oct 25, 1962 07:00 UTC",Cosmos-2I (63S1) | 1MS #2,StatusRetired,Failure
RVSN USSR,"Site 1/5, Baikonur Cosmodrome, Kazakhstan","Wed Oct 24, 1962 17:55 UTC",Molniya | 2MV-4 n†­1 (Mars 1),StatusRetired,Failure
RVSN USSR,"Mayak-2, Kapustin Yar, Russia","Sat Oct 20, 1962 04:00 UTC",Cosmos-2I (63S1) | Cosmos 11,StatusRetired,Success
General Dynamics,"LC-12, Cape Canaveral AFS, Florida, USA","Thu Oct 18, 1962 16:59 UTC",Atlas-LV3 Agena-B | Ranger 5,StatusRetired,Success
RVSN USSR,"Site 1/5, Baikonur Cosmodrome, Kazakhstan","Wed Oct 17, 1962 09:00 UTC",Vostok-2 | Cosmos 10,StatusRetired,Success
US Air Force,"SLC-1W (75-3-4), Vandenberg AFB, California, USA","Tue Oct 09, 1962 18:35 UTC",Thor DM-21 Agena-B | FTV 1134,StatusRetired,Success
NASA,"LC-14, Cape Canaveral AFS, Florida, USA","Wed Oct 03, 1962 09:13 UTC",Atlas-D Mercury | Sigma 7 (MA-8),StatusRetired,Success
US Air Force,"SLC-17B, Cape Canaveral AFS, Florida, USA","Tue Oct 02, 1962 22:11 UTC",Delta A | Explorer 14,StatusRetired,Success
US Air Force,"SLC-2W, Vandenberg AFB, California, USA","Sat Sep 29, 1962 23:34 UTC",Thor DM-21 Agena-D | FTV 1154,StatusRetired,Success
US Air Force,"SLC-2E (75-1-1), Vandenberg AFB, California, USA","Sat Sep 29, 1962 06:05 UTC",Thor DM-21 Agena-B | Alouette 1 & TAVE,StatusRetired,Success
RVSN USSR,"Site 1/5, Baikonur Cosmodrome, Kazakhstan","Thu Sep 27, 1962 09:40 UTC",Vostok-2 | Cosmos 9,StatusRetired,Success
US Air Force,"SLC-17A, Cape Canaveral AFS, Florida, USA","Tue Sep 18, 1962 08:53 UTC",Thor DM-19 Delta | TIROS-6,StatusRetired,Success
US Air Force,"SLC-1W (75-3-4), Vandenberg AFB, California, USA","Mon Sep 17, 1962 23:46 UTC",Thor DM-21 Agena-B | FTV 1133 & ERS-2,StatusRetired,Success
RVSN USSR,"Site 1/5, Baikonur Cosmodrome, Kazakhstan","Wed Sep 12, 1962 00:59 UTC",Molniya | 2MV-2 n†­1 (Venera 2),StatusRetired,Failure
US Air Force,"SLC-1E (75-3-5), Vandenberg AFB, California, USA","Sat Sep 01, 1962 20:39 UTC",Thor DM-21 Agena-B | FTV 1132,StatusRetired,Success
RVSN USSR,"Site 1/5, Baikonur Cosmodrome, Kazakhstan","Sat Sep 01, 1962 02:12 UTC",Molniya | 2MV-1 n†­2 (Venera 2),StatusRetired,Failure
US Air Force,"SLC-2W, Vandenberg AFB, California, USA","Wed Aug 29, 1962 01:00 UTC",Thor DM-21 Agena-D | FTV 1153,StatusRetired,Success
General Dynamics,"LC-12, Cape Canaveral AFS, Florida, USA","Mon Aug 27, 1962 06:53 UTC",Atlas-LV3 Agena-B | Mariner 2,StatusRetired,Success
RVSN USSR,"Site 1/5, Baikonur Cosmodrome, Kazakhstan","Sat Aug 25, 1962 02:56 UTC",Molniya | 2MV-1 n†­1 (Venera 2),StatusRetired,Failure
US Air Force,"SLC-5, Vandenberg AFB, California, USA","Thu Aug 23, 1962 11:44 UTC",Scout X-2M | DSAP-1 F2 (Program 35),StatusRetired,Success
RVSN USSR,"Mayak-2, Kapustin Yar, Russia","Sat Aug 18, 1962 15:00 UTC",Cosmos-2I (63S1) | Cosmos 8,StatusRetired,Success
RVSN USSR,"Site 1/5, Baikonur Cosmodrome, Kazakhstan","Sun Aug 12, 1962 08:02 UTC",Vostok | Vostok 4,StatusRetired,Success
RVSN USSR,"Site 1/5, Baikonur Cosmodrome, Kazakhstan","Sat Aug 11, 1962 08:30 UTC",Vostok | Vostok 3,StatusRetired,Success
General Dynamics,"SLC-3W, Vandenberg AFB, California, USA","Sun Aug 05, 1962 17:59 UTC",Atlas-LV3 Agena-B | Samos 10,StatusRetired,Success
US Air Force,"SLC-2E (75-1-1), Vandenberg AFB, California, USA","Thu Aug 02, 1962 00:17 UTC",Thor DM-21 Agena-D | FTV 1152,StatusRetired,Success
RVSN USSR,"Site 1/5, Baikonur Cosmodrome, Kazakhstan","Sat Jul 28, 1962 09:18 UTC",Vostok-2 | Cosmos 7,StatusRetired,Success
US Air Force,"SLC-1W (75-3-4), Vandenberg AFB, California, USA","Sat Jul 28, 1962 00:30 UTC",Thor DM-21 Agena-B | FTV 1131,StatusRetired,Success
General Dynamics,"LC-12, Cape Canaveral AFS, Florida, USA","Sun Jul 22, 1962 09:21 UTC",Atlas-LV3 Agena-B | Mariner 1,StatusRetired,Failure
US Air Force,"SLC-1E (75-3-5), Vandenberg AFB, California, USA","Sat Jul 21, 1962 00:56 UTC",Thor DM-21 Agena-B | FTV 1130,StatusRetired,Success
General Dynamics,"SLC-3W, Vandenberg AFB, California, USA","Wed Jul 18, 1962 20:15 UTC",Atlas-LV3 Agena-B | Samos 9,StatusRetired,Success
US Air Force,"SLC-17B, Cape Canaveral AFS, Florida, USA","Tue Jul 10, 1962 08:35 UTC",Thor DM-19 Delta | Telstar 1,StatusRetired,Success
RVSN USSR,"Mayak-2, Kapustin Yar, Russia","Sat Jun 30, 1962 16:00 UTC",Cosmos-2I (63S1) | Cosmos 6,StatusRetired,Success
US Air Force,"SLC-2E (75-1-1), Vandenberg AFB, California, USA","Thu Jun 28, 1962 01:09 UTC",Thor DM-21 Agena-D | FTV 1151,StatusRetired,Success
US Air Force,"SLC-1W (75-3-4), Vandenberg AFB, California, USA","Sat Jun 23, 1962 00:30 UTC",Thor DM-21 Agena-B | FTV 1129,StatusRetired,Success
US Air Force,"SLC-17A, Cape Canaveral AFS, Florida, USA","Tue Jun 19, 1962 12:19 UTC",Thor DM-19 Delta | TIROS-5,StatusRetired,Success
US Air Force,"SLC-1E (75-3-5), Vandenberg AFB, California, USA","Mon Jun 18, 1962 20:20 UTC",Thor DM-21 Agena-B | FTV 2312,StatusRetired,Success
General Dynamics,"SLC-3W, Vandenberg AFB, California, USA","Sun Jun 17, 1962 18:14 UTC",Atlas-LV3 Agena-B | Samos 8,StatusRetired,Success
US Air Force,"SLC-1W (75-3-4), Vandenberg AFB, California, USA","Sat Jun 02, 1962 00:31 UTC",Thor-DM18 Agena-A | FTV 1127 & Oscar 2,StatusRetired,Success
RVSN USSR,"Site 1/5, Baikonur Cosmodrome, Kazakhstan","Fri Jun 01, 1962 09:37 UTC",Vostok-2 | Zenit-2 n†­3,StatusRetired,Failure
US Air Force,"SLC-2E (75-1-1), Vandenberg AFB, California, USA","Wed May 30, 1962 01:00 UTC",Thor DM-21 Agena-B | FTV 1128,StatusRetired,Success
RVSN USSR,"Mayak-2, Kapustin Yar, Russia","Mon May 28, 1962 03:00 UTC",Cosmos-2I (63S1) | Cosmos 5,StatusRetired,Success
NASA,"LC-14, Cape Canaveral AFS, Florida, USA","Thu May 24, 1962 12:45 UTC",Atlas-D Mercury | Aurora 7 (MA-7),StatusRetired,Success
US Air Force,"SLC-5, Vandenberg AFB, California, USA","Thu May 24, 1962",Scout X-2M | DSAP-1 F1 (Program 35),StatusRetired,Failure
US Air Force,"SLC-1E (75-3-5), Vandenberg AFB, California, USA","Tue May 15, 1962 19:36 UTC",Thor DM-21 Agena-B | FTV 1126,StatusRetired,Success
US Air Force,"SLC-17B, Cape Canaveral AFS, Florida, USA","Thu May 10, 1962 12:06 UTC",Thor-DM21 Ablestar | ANNA 1A,StatusRetired,Failure
General Dynamics,"SLC-36A, Cape Canaveral AFS, Florida, USA","Tue May 08, 1962 19:49 UTC",Atlas-LV3C Centaur-A | AC-1 (Test Vehicle),StatusRetired,Failure
US Air Force,"SLC-1W (75-3-4), Vandenberg AFB, California, USA","Sun Apr 29, 1962 00:30 UTC",Thor DM-21 Agena-B | FTV 1125,StatusRetired,Success
General Dynamics,"SLC-3W, Vandenberg AFB, California, USA","Thu Apr 26, 1962 18:56 UTC",Atlas-LV3 Agena-B | Samos 7,StatusRetired,Success
US Air Force,"SLC-17A, Cape Canaveral AFS, Florida, USA","Thu Apr 26, 1962 18:00 UTC",Thor DM-19 Delta | Ariel 1,StatusRetired,Success
NASA,"LA-3, Wallops Flight Facility, Virginia, USA","Thu Apr 26, 1962 10:49 UTC",Scout X-2 | Solrad 4B,StatusRetired,Failure
RVSN USSR,"Site 1/5, Baikonur Cosmodrome, Kazakhstan","Thu Apr 26, 1962 10:02 UTC",Vostok | Cosmos 4,StatusRetired,Success
RVSN USSR,"Mayak-2, Kapustin Yar, Russia","Tue Apr 24, 1962 04:00 UTC",Cosmos-2I (63S1) | Cosmos 3,StatusRetired,Success
General Dynamics,"LC-12, Cape Canaveral AFS, Florida, USA","Mon Apr 23, 1962 20:50 UTC",Atlas-LV3 Agena-B | Ranger 4,StatusRetired,Success
US Air Force,"SLC-1E (75-3-5), Vandenberg AFB, California, USA","Wed Apr 18, 1962 00:54 UTC",Thor DM-21 Agena-B | Discoverer 39,StatusRetired,Success
General Dynamics,"SLC-3E, Vandenberg AFB, California, USA","Mon Apr 09, 1962 15:04 UTC",Atlas-LV3 Agena-B | Midas 5,StatusRetired,Success
RVSN USSR,"Mayak-2, Kapustin Yar, Russia","Fri Apr 06, 1962 17:15 UTC",Cosmos-2I (63S1) | Cosmos 2,StatusRetired,Success
RVSN USSR,"Mayak-2, Kapustin Yar, Russia","Fri Mar 16, 1962 11:59 UTC",Cosmos-2I (63S1) | Cosmos 1,StatusRetired,Success
General Dynamics,"SLC-3E, Vandenberg AFB, California, USA","Wed Mar 07, 1962 22:10 UTC",Atlas-LV3 Agena-B | Samos 6,StatusRetired,Success
US Air Force,"SLC-17A, Cape Canaveral AFS, Florida, USA","Wed Mar 07, 1962 16:06 UTC",Thor DM-19 Delta | OSO-1,StatusRetired,Success
US Air Force,"SLC-1W (75-3-4), Vandenberg AFB, California, USA","Tue Feb 27, 1962 19:39 UTC",Thor DM-21 Agena-B | Discoverer 38,StatusRetired,Success
US Air Force,"SLC-1E (75-3-5), Vandenberg AFB, California, USA","Wed Feb 21, 1962 18:44 UTC",Thor DM-21 Agena-B | FTV 2301,StatusRetired,Partial Failure
NASA,"LC-14, Cape Canaveral AFS, Florida, USA","Tue Feb 20, 1962 14:47 UTC",Atlas-D Mercury | Friendship 7 (MA-6),StatusRetired,Success
US Air Force,"SLC-17A, Cape Canaveral AFS, Florida, USA","Thu Feb 08, 1962 12:43 UTC",Thor DM-19 Delta | TIROS-4,StatusRetired,Success
General Dynamics,"LC-12, Cape Canaveral AFS, Florida, USA","Fri Jan 26, 1962 20:30 UTC",Atlas-LV3 Agena-B | Ranger 3,StatusRetired,Partial Failure
US Air Force,"SLC-17B, Cape Canaveral AFS, Florida, USA","Wed Jan 24, 1962 09:30 UTC",Thor-DM21 Ablestar | LOFTI-2A & Others,StatusRetired,Failure
US Air Force,"SLC-1W (75-3-4), Vandenberg AFB, California, USA","Sat Jan 13, 1962 21:41 UTC",Thor DM-21 Agena-B | Discoverer 37,StatusRetired,Failure
General Dynamics,"SLC-3E, Vandenberg AFB, California, USA","Fri Dec 22, 1961 19:12 UTC",Atlas-LV3 Agena-B | Samos 5,StatusRetired,Partial Failure
RVSN USSR,"Mayak-2, Kapustin Yar, Russia","Thu Dec 21, 1961 12:30 UTC",Cosmos-2I (63S1) | DS-1 2,StatusRetired,Failure
US Air Force,"SLC-1W (75-3-4), Vandenberg AFB, California, USA","Tue Dec 12, 1961 20:40 UTC",Thor DM-21 Agena-B | Discoverer 36 & Oscar 1,StatusRetired,Success
RVSN USSR,"Site 1/5, Baikonur Cosmodrome, Kazakhstan","Mon Dec 11, 1961 09:39 UTC",Vostok | Zenit-2 n†­1,StatusRetired,Failure
NASA,"LC-14, Cape Canaveral AFS, Florida, USA","Wed Nov 29, 1961 15:08 UTC",Atlas-D Mercury | Mercury-Atlas 5 (MA-5),StatusRetired,Success
General Dynamics,"SLC-3W, Vandenberg AFB, California, USA","Wed Nov 22, 1961 20:45 UTC",Atlas-LV3 Agena-B | Samos 4,StatusRetired,Failure
General Dynamics,"LC-12, Cape Canaveral AFS, Florida, USA","Sat Nov 18, 1961 08:12 UTC",Atlas-LV3 Agena-B | Ranger 2,StatusRetired,Failure
US Air Force,"SLC-17B, Cape Canaveral AFS, Florida, USA","Wed Nov 15, 1961 22:26 UTC",Thor-DM21 Ablestar | Transit 4B & TRAAC,StatusRetired,Success
US Air Force,"SLC-1W (75-3-4), Vandenberg AFB, California, USA","Wed Nov 15, 1961 21:23 UTC",Thor DM-21 Agena-B | Discoverer 35,StatusRetired,Success
US Air Force,"SLC-2E (75-1-1), Vandenberg AFB, California, USA","Sun Nov 05, 1961 20:00 UTC",Thor DM-21 Agena-B | Discoverer 34,StatusRetired,Failure
NASA,"LC-18B, Cape Canaveral AFS, Florida, USA","Wed Nov 01, 1961 15:32 UTC",Blue Scout II | Mercury-Scout 1 (MS-1),StatusRetired,Failure
RVSN USSR,"Mayak-2, Kapustin Yar, Russia","Fri Oct 27, 1961 16:30 UTC",Cosmos-2I (63S1) | DS-1 1,StatusRetired,Failure
US Air Force,"SLC-1E (75-3-5), Vandenberg AFB, California, USA","Mon Oct 23, 1961 19:23 UTC",Thor DM-21 Agena-B | Discoverer 33,StatusRetired,Failure
General Dynamics,"SLC-3E, Vandenberg AFB, California, USA","Sat Oct 21, 1961 13:53 UTC",Atlas-LV3 Agena-B | Midas 4,StatusRetired,Partial Failure
US Air Force,"SLC-1W (75-3-4), Vandenberg AFB, California, USA","Fri Oct 13, 1961 19:22 UTC",Thor DM-21 Agena-B | Discoverer 32,StatusRetired,Success
US Air Force,"SLC-2E (75-1-1), Vandenberg AFB, California, USA","Sun Sep 17, 1961 21:00 UTC",Thor DM-21 Agena-B | Discoverer 31,StatusRetired,Success
NASA,"LC-14, Cape Canaveral AFS, Florida, USA","Wed Sep 13, 1961 14:04 UTC",Atlas-D Mercury | Mercury-Atlas 4 (MA-4),StatusRetired,Success
US Air Force,"SLC-1E (75-3-5), Vandenberg AFB, California, USA","Tue Sep 12, 1961 19:59 UTC",Thor DM-21 Agena-B | Discoverer 30,StatusRetired,Success
General Dynamics,"SLC-3W, Vandenberg AFB, California, USA","Sat Sep 09, 1961 19:28 UTC",Atlas-LV3 Agena-B | Samos 3,StatusRetired,Failure
US Air Force,"SLC-1W (75-3-4), Vandenberg AFB, California, USA","Wed Aug 30, 1961 20:00 UTC",Thor DM-21 Agena-B | Discoverer 29,StatusRetired,Success
NASA,"LA-3, Wallops Flight Facility, Virginia, USA","Fri Aug 25, 1961 18:29 UTC",Scout X-1 | Explorer 13,StatusRetired,Partial Failure
General Dynamics,"LC-12, Cape Canaveral AFS, Florida, USA","Wed Aug 23, 1961 10:04 UTC",Atlas-LV3 Agena-B | Ranger 1,StatusRetired,Failure
US Air Force,"SLC-17A, Cape Canaveral AFS, Florida, USA","Wed Aug 16, 1961 03:21 UTC",Thor DM-19 Delta | Explorer 12,StatusRetired,Success
RVSN USSR,"Site 1/5, Baikonur Cosmodrome, Kazakhstan","Sun Aug 06, 1961 06:00 UTC",Vostok | Vostok 2,StatusRetired,Success
US Air Force,"SLC-2E (75-1-1), Vandenberg AFB, California, USA","Fri Aug 04, 1961 00:01 UTC",Thor DM-21 Agena-B | Discoverer 28,StatusRetired,Failure
US Air Force,"SLC-1W (75-3-4), Vandenberg AFB, California, USA","Fri Jul 21, 1961 22:35 UTC",Thor DM-21 Agena-B | Discoverer 27,StatusRetired,Failure
NASA,"LC-5, Cape Canaveral AFS, Florida, USA","Fri Jul 21, 1961 12:36 UTC",Mercury-Redstone | Liberty Bell 7 (MR-4),StatusRetired,Success
General Dynamics,"SLC-3E, Vandenberg AFB, California, USA","Wed Jul 12, 1961 15:11 UTC",Atlas-LV3 Agena-B | Midas 3,StatusRetired,Success
US Air Force,"SLC-17A, Cape Canaveral AFS, Florida, USA","Wed Jul 12, 1961 10:25 UTC",Thor DM-19 Delta | TIROS-3,StatusRetired,Success
US Air Force,"SLC-1E (75-3-5), Vandenberg AFB, California, USA","Fri Jul 07, 1961 23:29 UTC",Thor DM-21 Agena-B | Discoverer 26,StatusRetired,Success
NASA,"LA-3, Wallops Flight Facility, Virginia, USA","Fri Jun 30, 1961 17:09 UTC",Scout X-1 | Explorer (S-55),StatusRetired,Failure
US Air Force,"SLC-17B, Cape Canaveral AFS, Florida, USA","Thu Jun 29, 1961 04:22 UTC","Thor-DM21 Ablestar | Transit 4A, Injun 1 & GRAB-3",StatusRetired,Success
US Air Force,"SLC-2E (75-1-1), Vandenberg AFB, California, USA","Fri Jun 16, 1961 23:02 UTC",Thor DM-21 Agena-B | Discoverer 25,StatusRetired,Success
US Air Force,"SLC-1W (75-3-4), Vandenberg AFB, California, USA","Thu Jun 08, 1961 21:16 UTC",Thor DM-21 Agena-B | Discoverer 24,StatusRetired,Failure
NASA,"LC-5, Cape Canaveral AFS, Florida, USA","Fri May 05, 1961 14:34 UTC",Mercury-Redstone | Freedom 7 (MR-3),StatusRetired,Success
NASA,"LC-14, Cape Canaveral AFS, Florida, USA","Tue Apr 25, 1961 16:15 UTC",Atlas-D Mercury | Mercury-Atlas 3 (MA-3),StatusRetired,Failure
RVSN USSR,"Site 1/5, Baikonur Cosmodrome, Kazakhstan","Wed Apr 12, 1961 06:07 UTC",Vostok | Vostok 1,StatusRetired,Success
US Air Force,"SLC-1E (75-3-5), Vandenberg AFB, California, USA","Sat Apr 08, 1961 19:21 UTC",Thor DM-21 Agena-B | Discoverer 23,StatusRetired,Success
US Air Force,"SLC-1W (75-3-4), Vandenberg AFB, California, USA","Thu Mar 30, 1961 20:34 UTC",Thor DM-21 Agena-B | Discoverer 22,StatusRetired,Failure
US Air Force,"SLC-17A, Cape Canaveral AFS, Florida, USA","Sat Mar 25, 1961 15:17 UTC",Thor DM-19 Delta | Explorer 10,StatusRetired,Success
RVSN USSR,"Site 1/5, Baikonur Cosmodrome, Kazakhstan","Sat Mar 25, 1961 05:54 UTC",Vostok | Korabl-Sputnik 5,StatusRetired,Success
NASA,"LC-5, Cape Canaveral AFS, Florida, USA","Fri Mar 24, 1961 17:30 UTC",Mercury-Redstone | Mercury-Redstone BD (MR-BD),StatusRetired,Success
RVSN USSR,"Site 1/5, Baikonur Cosmodrome, Kazakhstan","Thu Mar 09, 1961 06:29 UTC",Vostok | Korabl-Sputnik 4,StatusRetired,Success
US Air Force,"SLC-17B, Cape Canaveral AFS, Florida, USA","Wed Feb 22, 1961 03:45 UTC",Thor-DM21 Ablestar | Transit 3B & Lofti 1,StatusRetired,Success
NASA,"LC-14, Cape Canaveral AFS, Florida, USA","Tue Feb 21, 1961 14:12 UTC",Atlas-D Mercury | Mercury-Atlas 2 (MA-2),StatusRetired,Success
US Air Force,"SLC-1E (75-3-5), Vandenberg AFB, California, USA","Sat Feb 18, 1961 22:58 UTC",Thor DM-21 Agena-B | Discoverer 21,StatusRetired,Success
US Air Force,"SLC-1W (75-3-4), Vandenberg AFB, California, USA","Fri Feb 17, 1961 20:25 UTC",Thor DM-21 Agena-B | Discoverer 20,StatusRetired,Success
NASA,"LA-3, Wallops Flight Facility, Virginia, USA","Thu Feb 16, 1961 13:05 UTC",Scout X-1 | Explorer 9 (S-56A),StatusRetired,Success
RVSN USSR,"Site 1/5, Baikonur Cosmodrome, Kazakhstan","Sun Feb 12, 1961 00:34 UTC",Molniya | Venera 1,StatusRetired,Success
RVSN USSR,"Site 1/5, Baikonur Cosmodrome, Kazakhstan","Sat Feb 04, 1961 01:18 UTC",Molniya | 1VA n†­1 (Venera 1),StatusRetired,Failure
General Dynamics,"SLC-3W, Vandenberg AFB, California, USA","Tue Jan 31, 1961 20:21 UTC",Atlas-LV3 Agena-A | Samos 2,StatusRetired,Success
NASA,"LC-5, Cape Canaveral AFS, Florida, USA","Tue Jan 31, 1961 16:55 UTC",Mercury-Redstone | Mercury-Redstone 2 (MR-2),StatusRetired,Success
RVSN USSR,"Site 1/5, Baikonur Cosmodrome, Kazakhstan","Thu Dec 22, 1960 07:45 UTC",Vostok | 1K n†­5 (Korabl-Sputnik 3),StatusRetired,Failure
US Air Force,"SLC-1E (75-3-5), Vandenberg AFB, California, USA","Tue Dec 20, 1960 20:32 UTC",Thor DM-21 Agena-B | Discoverer 19,StatusRetired,Success
NASA,"LC-5, Cape Canaveral AFS, Florida, USA","Mon Dec 19, 1960 16:15 UTC",Mercury-Redstone | Mercury-Redstone 1A (MR-1A),StatusRetired,Success
General Dynamics,"LC-12, Cape Canaveral AFS, Florida, USA","Thu Dec 15, 1960 09:10 UTC",Atlas-D Able | Pioneer P-31,StatusRetired,Failure
US Air Force,"SLC-1W (75-3-4), Vandenberg AFB, California, USA","Wed Dec 07, 1960 20:20 UTC",Thor DM-21 Agena-B | Discoverer 18,StatusRetired,Success
NASA,"LA-3, Wallops Flight Facility, Virginia, USA","Sun Dec 04, 1960 21:14 UTC",Scout X-1 | Explorer (S-56),StatusRetired,Failure
RVSN USSR,"Site 1/5, Baikonur Cosmodrome, Kazakhstan","Thu Dec 01, 1960 07:30 UTC",Vostok | Korabl-Sputnik 3,StatusRetired,Success
US Air Force,"SLC-17B, Cape Canaveral AFS, Florida, USA","Wed Nov 30, 1960 19:50 UTC",Thor-DM21 Ablestar | Transit 3A & GRAB-2,StatusRetired,Failure
US Air Force,"SLC-17A, Cape Canaveral AFS, Florida, USA","Wed Nov 23, 1960 11:13 UTC",Thor DM-19 Delta | TIROS-2,StatusRetired,Success
NASA,"LC-5, Cape Canaveral AFS, Florida, USA","Mon Nov 21, 1960 14:00 UTC",Mercury-Redstone | Mercury-Redstone 1 (MR-1),StatusRetired,Failure
US Air Force,"SLC-1E (75-3-5), Vandenberg AFB, California, USA","Sat Nov 12, 1960 20:43 UTC",Thor DM-21 Agena-B | Discoverer 17,StatusRetired,Success
US Air Force,"SLC-1W (75-3-4), Vandenberg AFB, California, USA","Wed Oct 26, 1960 20:26 UTC",Thor DM-21 Agena-B | Discoverer 16,StatusRetired,Failure
RVSN USSR,"Site 1/5, Baikonur Cosmodrome, Kazakhstan","Fri Oct 14, 1960 13:51 UTC",Molniya | 1M n†­2 (Marsnik 2),StatusRetired,Failure
General Dynamics,"SLC-3W, Vandenberg AFB, California, USA","Tue Oct 11, 1960 20:33 UTC",Atlas-LV3 Agena-A | Samos 1,StatusRetired,Failure
RVSN USSR,"Site 1/5, Baikonur Cosmodrome, Kazakhstan","Mon Oct 10, 1960 14:27 UTC",Molniya | 1M n†­1 (Marsnik 1),StatusRetired,Failure
US Air Force,"SLC-17B, Cape Canaveral AFS, Florida, USA","Tue Oct 04, 1960 17:50 UTC",Thor-DM21 Ablestar | Courier 1B,StatusRetired,Success
General Dynamics,"LC-12, Cape Canaveral AFS, Florida, USA","Sun Sep 25, 1960 15:13 UTC",Atlas-D Able | Pioneer P-30,StatusRetired,Failure
US Air Force,"SLC-1E (75-3-5), Vandenberg AFB, California, USA","Tue Sep 13, 1960 22:14 UTC",Thor-DM18 Agena-A | Discoverer 15,StatusRetired,Success
RVSN USSR,"Site 1/5, Baikonur Cosmodrome, Kazakhstan","Fri Aug 19, 1960 08:44 UTC",Vostok | Korabl-Sputnik 2,StatusRetired,Success
US Air Force,"SLC-17B, Cape Canaveral AFS, Florida, USA","Thu Aug 18, 1960 19:58 UTC",Thor-DM21 Ablestar | Courier 1A,StatusRetired,Failure
US Air Force,"SLC-1W (75-3-4), Vandenberg AFB, California, USA","Thu Aug 18, 1960 19:57 UTC",Thor-DM18 Agena-A | Discoverer 14,StatusRetired,Success
US Air Force,"SLC-17A, Cape Canaveral AFS, Florida, USA","Fri Aug 12, 1960 09:39 UTC",Thor DM-19 Delta | Echo 1A,StatusRetired,Success
US Air Force,"SLC-1E (75-3-5), Vandenberg AFB, California, USA","Wed Aug 10, 1960 20:37 UTC",Thor-DM18 Agena-A | Discoverer 13,StatusRetired,Success
NASA,"LC-14, Cape Canaveral AFS, Florida, USA","Fri Jul 29, 1960 13:13 UTC",Atlas-D Mercury | Mercury-Atlas 1 (MA-1),StatusRetired,Failure
RVSN USSR,"Site 1/5, Baikonur Cosmodrome, Kazakhstan","Thu Jul 28, 1960 09:31 UTC",Vostok | 1K n†­2 (Korabl-Sputnik 2),StatusRetired,Failure
US Air Force,"SLC-1W (75-3-4), Vandenberg AFB, California, USA","Wed Jun 29, 1960 22:00 UTC",Thor-DM18 Agena-A | Discoverer 12,StatusRetired,Failure
US Air Force,"SLC-17B, Cape Canaveral AFS, Florida, USA","Wed Jun 22, 1960 05:54 UTC",Thor-DM21 Ablestar | Transit 2A & GRAB-1,StatusRetired,Success
General Dynamics,"LC-14, Cape Canaveral AFS, Florida, USA","Tue May 24, 1960 17:36 UTC",Atlas-LV3 Agena-A | Midas 2,StatusRetired,Success
RVSN USSR,"Site 1/5, Baikonur Cosmodrome, Kazakhstan","Sun May 15, 1960 00:00 UTC",Vostok | Korabl-Sputnik 1,StatusRetired,Success
US Air Force,"SLC-17A, Cape Canaveral AFS, Florida, USA","Fri May 13, 1960 09:16 UTC",Thor DM-19 Delta | Echo 1,StatusRetired,Failure
RVSN USSR,"Site 1/5, Baikonur Cosmodrome, Kazakhstan","Sat Apr 16, 1960",Vostok | E-3 n†­3 (Luna-3),StatusRetired,Failure
US Air Force,"SLC-1E (75-3-5), Vandenberg AFB, California, USA","Fri Apr 15, 1960 20:30 UTC",Thor-DM18 Agena-A | Discoverer 11,StatusRetired,Success
RVSN USSR,"Site 1/5, Baikonur Cosmodrome, Kazakhstan","Fri Apr 15, 1960 15:06 UTC",Vostok | E-3 n†­2 (Luna-3),StatusRetired,Failure
US Air Force,"SLC-17B, Cape Canaveral AFS, Florida, USA","Wed Apr 13, 1960 12:02 UTC",Thor-DM21 Ablestar | Transit 1B,StatusRetired,Success
US Air Force,"SLC-17A, Cape Canaveral AFS, Florida, USA","Fri Apr 01, 1960 11:40 UTC",Thor DM-18 Able-II | TIROS-1,StatusRetired,Success
US Air Force,"SLC-17A, Cape Canaveral AFS, Florida, USA","Fri Mar 11, 1960 13:00 UTC",Thor DM-18 Able-IV | Pioneer 5,StatusRetired,Success
General Dynamics,"LC-14, Cape Canaveral AFS, Florida, USA","Fri Feb 26, 1960 17:25 UTC",Atlas-LV3 Agena-A | Midas 1,StatusRetired,Failure
US Air Force,"SLC-1E (75-3-5), Vandenberg AFB, California, USA","Fri Feb 19, 1960 20:15 UTC",Thor-DM18 Agena-A | Discoverer 10,StatusRetired,Failure
US Air Force,"SLC-1W (75-3-4), Vandenberg AFB, California, USA","Thu Feb 04, 1960 18:51 UTC",Thor-DM18 Agena-A | Discoverer 9,StatusRetired,Failure
General Dynamics,"LC-14, Cape Canaveral AFS, Florida, USA","Thu Nov 26, 1959 07:26 UTC",Atlas-D Able | Pioneer P-3,StatusRetired,Failure
US Air Force,"SLC-1E (75-3-5), Vandenberg AFB, California, USA","Fri Nov 20, 1959 19:25 UTC",Thor-DM18 Agena-A | Discoverer 8,StatusRetired,Failure
US Air Force,"SLC-1W (75-3-4), Vandenberg AFB, California, USA","Sat Nov 07, 1959 20:28 UTC",Thor-DM18 Agena-A | Discoverer 7,StatusRetired,Success
RVSN USSR,"Site 1/5, Baikonur Cosmodrome, Kazakhstan","Sun Oct 04, 1959 00:43 UTC",Vostok | Luna-3,StatusRetired,Success
US Navy,"LC-18A, Cape Canaveral AFS, Florida, USA","Fri Sep 18, 1959 05:20 UTC",Vanguard | Vanguard 3,StatusRetired,Partial Failure
US Air Force,"SLC-17A, Cape Canaveral AFS, Florida, USA","Thu Sep 17, 1959 14:34 UTC",Thor DM-18 Able-II | Transit 1A,StatusRetired,Failure
RVSN USSR,"Site 1/5, Baikonur Cosmodrome, Kazakhstan","Sat Sep 12, 1959 06:39 UTC",Vostok | Luna-2,StatusRetired,Success
NASA,"LC-14, Cape Canaveral AFS, Florida, USA","Wed Sep 09, 1959 08:19 UTC",Atlas-D Mercury | Big Joe 1,StatusRetired,Partial Failure
US Air Force,"SLC-1E (75-3-5), Vandenberg AFB, California, USA","Wed Aug 19, 1959 19:24 UTC",Thor-DM18 Agena-A | Discoverer 6,StatusRetired,Success
US Air Force,"SLC-1W (75-3-4), Vandenberg AFB, California, USA","Thu Aug 13, 1959 19:00 UTC",Thor-DM18 Agena-A | Discoverer 5,StatusRetired,Success
US Air Force,"SLC-17A, Cape Canaveral AFS, Florida, USA","Fri Aug 07, 1959 14:24 UTC",Thor DM-18 Able-III | Explorer 6,StatusRetired,Success
US Air Force,"SLC-1E (75-3-5), Vandenberg AFB, California, USA","Thu Jun 25, 1959 22:47 UTC",Thor-DM18 Agena-A | Discoverer 4,StatusRetired,Failure
US Navy,"LC-18A, Cape Canaveral AFS, Florida, USA","Mon Jun 22, 1959 20:16 UTC",Vanguard | Vanguard SLV-6,StatusRetired,Failure
RVSN USSR,"Site 1/5, Baikonur Cosmodrome, Kazakhstan","Thu Jun 18, 1959 08:08 UTC",Vostok | E-1A n†­1 (Luna-2),StatusRetired,Failure
US Air Force,"SLC-1W (75-3-4), Vandenberg AFB, California, USA","Wed Jun 03, 1959 20:09 UTC",Thor-DM18 Agena-A | Discoverer 3,StatusRetired,Failure
US Navy,"LC-18A, Cape Canaveral AFS, Florida, USA","Tue Apr 14, 1959 02:49 UTC",Vanguard | Vanguard SLV-5,StatusRetired,Failure
US Air Force,"SLC-1W (75-3-4), Vandenberg AFB, California, USA","Mon Apr 13, 1959 21:18 UTC",Thor-DM18 Agena-A | Discoverer 2,StatusRetired,Success
US Air Force,"SLC-1W (75-3-4), Vandenberg AFB, California, USA","Sat Feb 28, 1959 21:49 UTC",Thor-DM18 Agena-A | Discoverer 1,StatusRetired,Failure
US Navy,"LC-18A, Cape Canaveral AFS, Florida, USA","Tue Feb 17, 1959 15:55 UTC",Vanguard | Vanguard 2,StatusRetired,Success
RVSN USSR,"Site 1/5, Baikonur Cosmodrome, Kazakhstan","Fri Jan 02, 1959 16:41 UTC",Vostok | Luna-1,StatusRetired,Partial Failure
US Air Force,"LC-11, Cape Canaveral AFS, Florida, USA","Thu Dec 18, 1958 23:02 UTC",SM-65B Atlas | SCORE,StatusRetired,Success
AMBA,"LC-5, Cape Canaveral AFS, Florida, USA","Sat Dec 06, 1958 05:44 UTC",Juno II | Pioneer 3,StatusRetired,Partial Failure
RVSN USSR,"Site 1/5, Baikonur Cosmodrome, Kazakhstan","Thu Dec 04, 1958 18:18 UTC",Vostok | E-1 n†­3 (Luna-1),StatusRetired,Failure
NASA,"SLC-17A, Cape Canaveral AFS, Florida, USA","Sat Nov 08, 1958 07:30 UTC",Thor-DM 18 Able I | Pioneer 2,StatusRetired,Failure
AMBA,"LC-5, Cape Canaveral AFS, Florida, USA","Thu Oct 23, 1958 03:21 UTC",Juno I | Beacon 1,StatusRetired,Failure
RVSN USSR,"Site 1/5, Baikonur Cosmodrome, Kazakhstan","Sat Oct 11, 1958 21:41 UTC",Vostok | E-1 n†­2 (Luna-1),StatusRetired,Failure
NASA,"SLC-17A, Cape Canaveral AFS, Florida, USA","Sat Oct 11, 1958 08:42 UTC",Thor-DM 18 Able I | Pioneer 1,StatusRetired,Partial Failure
US Navy,"LC-18A, Cape Canaveral AFS, Florida, USA","Fri Sep 26, 1958 15:38 UTC",Vanguard | Vanguard SLV-3,StatusRetired,Failure
RVSN USSR,"Site 1/5, Baikonur Cosmodrome, Kazakhstan","Tue Sep 23, 1958 07:40 UTC",Vostok | E-1 n†­1 (Luna-1),StatusRetired,Failure
US Navy,"Douglas F4D Skyray, Naval Air Station Point Mugu, California, USA","Fri Aug 29, 1958",NOTS-EV-1 Pilot II | Pilot-6 (R3,StatusRetired,Failure
US Navy,"Douglas F4D Skyray, Naval Air Station Point Mugu, California, USA","Tue Aug 26, 1958",NOTS-EV-1 Pilot II | Pilot-5 (R2),StatusRetired,Failure
US Navy,"Douglas F4D Skyray, Naval Air Station Point Mugu, California, USA","Mon Aug 25, 1958",NOTS-EV-1 Pilot II | Pilot-4 (R1),StatusRetired,Failure
AMBA,"LC-5, Cape Canaveral AFS, Florida, USA","Sun Aug 24, 1958 06:17 UTC",Juno I | Explorer 5,StatusRetired,Failure
US Navy,"Douglas F4D Skyray, Naval Air Station Point Mugu, California, USA","Fri Aug 22, 1958",NOTS-EV-1 Pilot II | Pilot-3 (D3),StatusRetired,Failure
US Air Force,"SLC-17A, Cape Canaveral AFS, Florida, USA","Sun Aug 17, 1958 12:18 UTC",Thor-DM 18 Able I | Pioneer 0,StatusRetired,Failure
US Navy,"Douglas F4D Skyray, Naval Air Station Point Mugu, California, USA","Tue Aug 12, 1958",NOTS-EV-1 Pilot II | Pilot-2 (D2),StatusRetired,Failure
AMBA,"LC-5, Cape Canaveral AFS, Florida, USA","Sat Jul 26, 1958 15:00 UTC",Juno I | Explorer 4,StatusRetired,Success
US Navy,"Douglas F4D Skyray, Naval Air Station Point Mugu, California, USA","Fri Jul 25, 1958",NOTS-EV-1 Pilot II | Pilot-1 (D1),StatusRetired,Failure
US Navy,"LC-18A, Cape Canaveral AFS, Florida, USA","Thu Jun 26, 1958 05:00 UTC",Vanguard | Vanguard SLV-2,StatusRetired,Failure
US Navy,"LC-18A, Cape Canaveral AFS, Florida, USA","Wed May 28, 1958 03:46 UTC",Vanguard | Vanguard SLV-1,StatusRetired,Failure
RVSN USSR,"Site 1/5, Baikonur Cosmodrome, Kazakhstan","Thu May 15, 1958 07:12 UTC",Sputnik 8A91 | Sputnik-3 #2,StatusRetired,Success
US Navy,"LC-18A, Cape Canaveral AFS, Florida, USA","Mon Apr 28, 1958 02:53 UTC",Vanguard | Vanguard TV5,StatusRetired,Failure
RVSN USSR,"Site 1/5, Baikonur Cosmodrome, Kazakhstan","Sun Apr 27, 1958 09:01 UTC",Sputnik 8A91 | Sputnik-3 #1,StatusRetired,Failure
AMBA,"LC-5, Cape Canaveral AFS, Florida, USA","Wed Mar 26, 1958 17:38 UTC",Juno I | Explorer 3,StatusRetired,Success
US Navy,"LC-18A, Cape Canaveral AFS, Florida, USA","Mon Mar 17, 1958 12:15 UTC",Vanguard | Vanguard 1,StatusRetired,Success
AMBA,"LC-26A, Cape Canaveral AFS, Florida, USA","Wed Mar 05, 1958 18:27 UTC",Juno I | Explorer 2,StatusRetired,Failure
US Navy,"LC-18A, Cape Canaveral AFS, Florida, USA","Wed Feb 05, 1958 07:33 UTC",Vanguard | Vanguard TV3BU,StatusRetired,Failure
AMBA,"LC-26A, Cape Canaveral AFS, Florida, USA","Sat Feb 01, 1958 03:48 UTC",Juno I | Explorer 1,StatusRetired,Success
US Navy,"LC-18A, Cape Canaveral AFS, Florida, USA","Fri Dec 06, 1957 16:44 UTC",Vanguard | Vanguard TV3,StatusRetired,Failure
RVSN USSR,"Site 1/5, Baikonur Cosmodrome, Kazakhstan","Sun Nov 03, 1957 02:30 UTC",Sputnik 8K71PS | Sputnik-2,StatusRetired,Success
RVSN USSR,"Site 1/5, Baikonur Cosmodrome, Kazakhstan","Fri Oct 04, 1957 19:28 UTC",Sputnik 8K71PS | Sputnik-1,StatusRetired,Success
